2098
3297
2433
3944
3138
886
2178
3118
2328
3385
2020
3407
3791
989
3909
933
2051
2783
670
3509
2166
3166
1335
3639
2048
3057
2556
2503
1286
2748
3511
2919
3432
2160
3420
3605
3594
3707
3651
2108
1718
4000
875
3678
1694
1465
3085
3696
2781
2893
1363
3217
3306
3693
1919
1620
3290
148
2621
2728
1237
3918
3983
3549
2110
2466
3136
2870
2291
3326
3345
2909
3085
2662
3975
3186
3741
3233
3884
2129
2181
2629
3959
2130
890
2937
3751
2095
3910
3303
3976
3153
3735
3826
3266
2798
2345
2095
1615
2939
3640
1898
2138
2886
779
3865
3696
40
2888
3181
53
3068
3076
2902
3384
2996
2258
2628
2674
48
2241
2556
3832
2732
2309
2256
1709
603
2797
731
31
3010
3761
2575
2876
3465
3955
2876
1369
3812
1740
1896
2780
3618
3652
3497
3045
3596
2076
3433
3744
3940
2497
3023
2604
564
1622
2396
3195
2434
2499
3742
3225
746
3251
2279
1537
3809
2529
2035
3743
3336
326
3115
412
2103
969
3847
1507
1663
2375
1280
2599
3560
2955
2670
2361
633
2334
249
3010
2934
1921
3713
3396
762
2147
2311
3199
3679
3179
2937
1978
2268
3593
944
3911
3186
2624
3192
2721
2352
1449
1142
2237
2010
407
2404
1046
3204
2410
2470
3340
3882
1045
909
214
2837
2084
2169
3094
2670
2466
2849
1496
3729
3549
3410
3693
2218
1110
2192
2454
716
2066
2388
3741
2356
3690
2621
2256
3144
3732
3106
2937
3592
2894
3478
2444
3957
2025
949
3500
2469
1294
3303
3784
3570
2209
2613
1304
2250
2010
3296
2243
3836
3578
3672
2896
1634
451
3281
3471
3972
2282
1961
2848
2095
1327
3295
3951
135
3031
2883
3358
1601
2721
1322
695
2246
2586
2442
3951
3112
3679
2524
1376
3571
2029
2263
3742
2993
152
2888
3032
3399
2109
2688
3983
3845
2041
3045
2848
3524
3956
2890
3387
674
2246
2634
3725
3904
3949
196
2611
3955
3760
1435
2497
2652
2037
2426
370
1036
3362
3673
3519
2209
3469
3325
494
2194
3058
3890
2433
3709
3608
2904
3040
3975
2764
3236
3082
2330
2871
1693
3461
3221
3543
3197
588
2655
3091
3010
3607
1649
1031
2450
3752
1368
2543
2400
3810
2551
1195
3826
950
2877
1916
3678
3705
2557
3857
3309
3397
2223
3733
186
2652
3557
223
3101
2992
2134
1034
3463
2622
2775
2280
3137
3445
1180
3640
3605
3582
655
2873
745
3451
3314
3368
1640
3931
1267
3263
2932
3800
2669
2857
2263
3714
2261
2475
2783
3595
2440
2108
3909
3912
3855
3320
2691
2502
3869
2921
3764
2509
3919
2401
3402
3664
3956
3404
3517
110
142
3989
3599
2128
2096
3152
3220
2171
3179
765
2265
2350
2542
2295
2322
3701
2420
2125
3792
2414
3698
2004
3394
3582
1305
3077
3031
2777
1543
3427
2154
3974
260
3115
3070
3611
2539
2895
3281
2580
684
2451
1404
2883
3173
2389
2313
1945
2575
2125
2456
705
2029
2082
3200
2175
2177
3203
2059
3906
2670
741
2985
3116
2308
27
3402
2317
1795
3958
2277
3631
2431
3027
2594
2000
2232
873
3754
2930
3341
659
3436
482
3583
2117
3058
3422
2471
1937
3473
2777
2379
2644
2577
3413
999
1162
248
3352
3317
2076
2016
587
2822
2757
1690
3410
2441
3565
6
2500
2755
2912
2774
3915
3795
3435
2202
2048
3956
3634
1356
3187
2865
3391
3123
3539
3562
893
1964
2046
2663
3059
3212
2563
2905
2697
1242
3789
2186
1109
1984
2703
3030
534
635
2590
2954
254
3671
2885
3533
1247
2049
2420
2203
2621
3411
3688
171
3424
3252
2850
2134
2133
3936
2815
571
3251
2035
3625
3993
2119
3250
2158
427
2448
3844
2405
2809
3665
2042
3904
2973
3291
3574
2092
3258
3796
1904
2603
1522
2406
3679
374
2937
2522
2102
1469
1288
2872
3779
3386
1352
2470
3264
1547
784
3517
2506
1516
3122
1736
3784
2093
2880
2029
3587
3903
2343
3598
3883
2585
1261
3696
3501
3528
189
3229
2629
3591
1578
812
3286
2226
3804
3196
3698
2728
3971
3824
2125
1220
2108
3594
3496
3908
2042
3819
2996
990
3235
3790
3104
2918
3154
3053
562
2560
3045
2992
2153
3642
2993
379
3432
3095
155
3655
2220
3963
2814
3185
1277
1923
2156
3136
2977
396
3627
3826
13
939
2806
998
1714
2006
3716
2056
764
2653
256
3241
3671
3056
2091
3064
3925
541
2079
2610
3299
3259
2824
1131
3578
3376
1416
2557
3281
3673
3735
3077
2196
1047
2519
805
2550
2562
2736
2125
3834
1106
3901
2516
2884
1735
2054
3682
2111
3422
3121
2261
3158
2014
3605
3908
3884
2512
3557
2233
2751
1514
3483
2945
3065
3251
3395
1721
3841
2937
3364
2689
2344
3844
3349
3528
3855
2848
3990
2041
2820
113
2968
428
3
1994
2978
3434
2616
3558
3209
1262
2052
2118
1275
3146
2007
3821
204
3890
3266
3171
2124
3862
2175
2904
3895
2871
3278
3719
3580
2883
2595
2868
3878
3478
315
2301
3233
2800
2992
826
3599
1629
2078
613
809
3940
927
2828
1750
3373
1164
3561
2605
2730
2317
3115
3509
3073
2310
2061
2159
1626
3500
2358
2753
2926
1818
2937
3916
3496
3074
2863
2192
3668
3532
2874
2731
2630
2257
532
2696
285
1561
2025
3256
1642
2542
3094
2825
902
3625
3317
198
1446
3661
2570
2900
3400
3505
358
195
2202
3723
1269
590
702
66
310
2275
2903
3950
3543
2227
3072
3783
918
1135
3437
2402
1892
2655
3799
2727
3662
2869
3217
3371
3799
417
3091
900
3433
2356
3944
1831
2508
3288
3962
2816
3190
367
1638
3083
1037
3141
2591
1477
2830
3803
3751
3441
3053
2480
3708
3866
2303
2328
2118
2756
2732
3113
2770
3469
3519
3213
3359
3807
3574
592
2648
923
2168
3279
2867
3091
1868
2863
3883
2281
2460
3337
3103
2791
2670
2252
1661
2020
2951
390
3525
2300
3306
464
3895
246
2112
3954
2383
2073
2213
2491
3756
3481
2845
3363
3663
2296
3743
86
3958
3039
3557
3367
3204
264
2812
3850
3820
3310
2234
1295
3217
3391
3325
1085
1235
3552
3003
3045
2577
1250
1888
2329
2051
2034
2995
953
3141
2741
3485
172
3095
2090
3060
2128
3180
3861
3945
2394
2570
2049
1478
1264
1717
3988
3077
3537
3393
2942
3503
1266
2002
1386
2756
2535
3062
2909
3307
3116
3970
3640
3211
2241
3802
2417
3060
2965
2076
3562
2026
1917
3825
2486
3344
3672
2048
2930
2731
2906
2740
1758
3511
3880
1955
1225
2068
856
2029
2622
3656
3213
448
524
2382
2611
146
2542
3481
2012
2506
3360
3197
3249
808
3386
2582
2323
2321
614
2829
3634
490
2154
3899
2427
3582
1912
3096
1724
3330
3270
3221
2859
2309
3260
3995
3315
2155
3797
2265
305
1258
1520
3718
3194
3639
3403
3566
2703
2256
2952
3954
493
3997
3703
57
2489
3792
2603
3539
2316
865
345
833
2709
3823
2816
2878
2172
2732
2417
3864
1990
2185
3699
3634
3800
3572
3034
3411
3563
3831
3554
2511
1667
2270
3193
2102
2027
2395
2420
2881
3597
3084
1177
1434
2464
3592
1684
3573
2083
2798
2207
226
3059
3920
2432
2607
1157
1822
3514
641
3890
3373
2186
3010
2164
2942
79
3622
3457
2397
1290
3722
2083
1027
514
3303
3056
3016
1362
2266
3953
2883
2711
2665
3829
3763
3050
2468
3999
2749
3429
1605
2620
646
3811
2630
3702
2234
3794
3929
2001
2350
3892
3663
3300
2662
3950
3466
2950
1253
2437
496
3226
2941
1687
508
2970
3278
2674
3434
2330
3067
3224
2980
2372
465
3252
3504
2675
3835
3807
2655
2349
2042
3246
3832
2934
499
2407
2371
3797
2260
346
962
2568
2097
2857
2408
3179
2117
100
2612
2934
2095
2031
3616
1251
2463
994
3402
3530
3873
3368
2129
2985
2204
2093
2315
3700
3201
3637
2787
1688
3485
2910
2939
2106
2950
3731
2963
3826
2277
3258
150
2709
2348
3713
1222
739
1153
2662
3322
2405
3288
3498
3934
2209
2545
3979
2593
3149
3830
2384
3175
2732
1958
2180
2711
3041
3948
2088
2541
2151
2489
2428
3792
3855
3341
3873
3924
671
2750
2608
2663
1862
1086
2739
3049
2464
3093
2628
3144
423
3683
2293
2527
2038
3923
728
576
3952
3483
2614
2310
3300
2342
2957
3791
2102
2472
3211
3180
2538
538
2978
3413
2892
2289
2916
1515
675
1072
2225
3790
2676
2147
2038
2290
3061
3578
3451
2380
3142
2562
3754
2420
127
689
3622
258
3052
1013
413
1473
3571
2593
3790
1866
420
2305
2158
3723
2525
3653
2290
3332
1408
2318
3396
2525
3372
2512
2584
2930
2051
3570
3402
1580
3704
3146
2133
3566
2211
2124
3137
726
3624
3808
2273
2882
3594
3176
2704
3719
3140
3506
3528
2115
2725
2828
2226
2260
2471
1315
2206
2851
3544
2951
1639
3179
2013
225
2330
3895
2370
3554
883
3139
3262
1523
3335
3345
2214
3975
2935
1005
3028
3600
1992
3941
3930
3257
3783
2078
81
2578
2474
3502
630
1484
3165
3586
3618
429
3840
3147
3808
449
2267
3434
3940
2760
3693
3792
1299
2646
3948
3464
3326
3383
2554
3965
3914
2537
3827
3785
3071
2523
3909
2533
3921
3602
3596
3527
3046
2093
2617
2652
458
2059
2491
2571
3638
3636
3387
2076
2348
3811
3095
3280
3658
2790
3693
2343
1301
3981
3107
3961
2976
2391
3385
2487
3356
2947
3519
44
2337
2353
2256
3292
3860
2785
3376
1823
2321
3966
2367
1549
3288
235
1761
2353
528
3914
2903
1879
2764
2770
2608
3005
3576
3845
2644
2295
3475
3319
3393
3196
2487
2359
2528
2004
1185
3555
2939
2935
2486
3922
1175
2948
2290
2949
3438
2090
2034
2604
2777
3129
2578
806
2221
3908
3489
3023
3011
2923
2694
349
1585
3035
3942
3683
2285
3631
1017
3154
3475
1211
1503
1788
3634
2063
3687
2808
3584
381
3197
3673
1144
3766
996
2131
2431
3864
2454
3106
3593
3317
3258
3338
3342
3638
1633
3104
2680
3870
3974
1851
2065
2419
2521
3571
2707
656
1364
2857
3754
2100
2914
3892
3440
2286
595
3264
1475
2465
3749
69
1398
323
3391
3679
3477
2229
3141
3229
3469
2309
2371
3205
3247
2582
228
2501
2990
3187
1139
1915
2563
3041
3525
1861
1840
3676
3005
2661
3720
1098
661
3406
3830
3765
2138
1742
1944
3234
3442
3289
2573
3369
2308
3688
1077
2515
1410
3427
3059
1980
173
1113
3053
2564
2102
2092
870
2388
68
3312
1870
1504
1713
2541
3588
1365
1111
550
3643
2042
2441
2275
2762
1028
2552
2783
3463
2477
3042
2174
2858
2381
3841
3353
368
3878
3069
2129
3193
3605
2697
3191
2038
2697
2059
3610
3225
3819
3667
2991
3857
932
2553
1554
1678
1431
2748
3724
1987
3517
3395
2147
3763
2157
227
3960
3229
3657
103
2340
2096
3276
3187
2220
2596
869
3456
3169
2993
2007
2393
1003
2673
3896
1797
3095
2728
3448
3620
3803
3649
1409
3325
3850
3219
2474
2511
3623
3040
1463
3244
2580
3100
3620
3787
3892
3049
3571
2495
2247
3058
2401
2103
2909
1197
1593
2435
2413
3865
2624
2397
1145
2241
1645
3851
380
288
3889
3496
3905
2944
2304
2568
3973
2592
3546
2143
438
2558
3007
2962
1173
2033
2609
2737
3557
2506
2321
3319
2207
2829
3848
3341
2758
2135
2102
2533
2040
1452
2369
1886
280
3297
2949
3783
2810
1617
2249
545
2873
3928
3738
3286
736
3109
2292
3322
1422
2767
3977
239
1573
559
2035
3294
229
2773
3729
1467
1070
2809
2768
3987
1775
3615
2595
2738
1024
624
1774
3722
1140
3675
2593
2805
3644
2342
2561
387
3051
2982
3824
3169
2969
2563
2768
3247
2099
2742
2106
3469
3078
3209
2726
2001
2629
3791
3398
628
2075
3966
1787
2632
3152
3282
2534
356
116
2092
3247
2887
3600
3842
1771
3378
2231
2483
2993
3690
143
2956
2506
2560
3260
2305
3143
3253
3275
206
1494
2991
2083
3190
2823
2501
3472
2667
2390
954
3408
2633
188
461
2958
2745
3333
2696
2414
2730
2748
3801
2329
3341
314
2202
3339
3313
3028
3752
3646
2296
3589
261
3344
3708
2662
2258
3517
2237
363
3646
3969
2261
2092
340
2566
1297
2142
3800
2427
769
2392
1001
2083
3745
2474
2278
2356
678
868
2908
3868
1540
2791
2386
2940
2937
618
294
3161
2722
3359
2112
3443
3227
2779
515
1043
2877
2267
2818
401
2776
1814
2498
3237
3159
181
2765
298
2616
2644
2296
3083
3810
797
3718
2035
3063
3962
2380
2440
2827
3571
2452
558
987
1701
3521
3323
2604
2651
2796
2327
3233
935
3674
611
2474
3791
2459
3376
1624
3761
3732
2829
2610
2799
3788
814
1169
2380
1566
2559
3099
382
2569
2336
2403
3506
3437
3373
463
2228
3913
3202
3768
725
2210
2197
2206
3080
3254
3119
2489
2859
3186
2463
3790
2472
3340
3282
2477
3222
75
3863
3920
3778
547
3287
3551
3605
985
85
3816
402
842
3397
3283
2674
3250
3346
2287
1114
3932
3543
3569
51
3887
2258
803
3105
2767
2400
639
2901
2002
2713
2000
2697
16
1551
3174
1983
2229
3201
1925
2087
3267
3566
2069
1588
3058
3586
443
2540
3071
3737
1519
1200
3215
1644
2134
3845
3274
3266
2888
2253
3491
3893
266
662
2924
3685
2977
2847
3456
3120
2324
2317
3329
2269
2461
834
1908
2328
1243
3503
2387
3530
3830
2287
3468
2102
3778
3107
3861
2304
2351
818
3932
3389
1910
2674
3299
2352
2868
3112
2968
3516
2116
3643
355
2827
455
2505
2442
237
2040
1518
2836
796
2449
2075
3149
3002
3377
3199
3313
3382
1993
3379
3874
2864
3362
3358
2059
2272
2208
2498
3523
2184
2308
2307
372
1676
1040
2776
3311
411
1293
3831
3141
3239
2465
3144
3082
3572
3280
153
2110
2289
2439
3180
3505
3282
3273
1556
1881
3086
1439
708
3967
3019
1487
3981
2629
1876
3976
3508
3280
530
3772
1836
2723
1648
351
2657
2530
1390
2267
271
3626
2282
2269
3906
2310
3125
3502
3521
2991
3684
3750
3033
2464
3564
3244
3881
715
2658
3360
3063
2264
2916
3608
2426
3370
3201
3964
3526
111
3439
3455
2787
2057
3524
50
2421
1699
3044
36
2851
3989
3675
3461
2780
62
2849
2132
2437
1202
3162
3040
3004
3009
2610
3648
2587
3927
2838
3187
3361
175
1746
2004
2191
3703
1194
2388
1985
3482
2727
7
649
1092
2620
2447
144
2723
2163
2693
2286
3564
3453
2107
3089
2613
3085
3824
2160
1859
3195
2952
3974
3418
2200
2147
3731
3056
1533
3107
3100
2767
3257
3651
3679
3325
1957
734
3672
3173
3027
3974
3063
3013
3624
296
1730
278
3427
849
2194
2796
478
3049
3098
2637
3144
139
3806
3636
2509
2765
2019
3675
3452
3047
2845
1979
3748
2122
3930
156
2348
2015
3245
472
3508
2735
2096
3511
1562
2730
3412
2785
3088
3279
2585
2396
3369
2096
3427
3213
1105
1677
1511
3728
3226
2165
15
3604
3640
2293
3425
2467
2826
2554
1842
2715
2816
238
2452
269
2697
2686
3563
1606
2166
1099
3248
2926
2684
2624
1073
2067
2690
802
2138
236
2053
3809
2235
3151
681
3433
2559
2654
3124
2145
2926
751
1737
3679
2243
399
2485
3478
2275
2266
2372
2469
3614
3212
2240
3072
2792
3035
3177
2708
3298
3904
3903
3426
2751
2821
3198
1083
3725
2952
3393
2505
3301
3152
2903
3217
2834
3877
3584
3469
3959
1071
2740
0
1338
1745
3025
2033
2872
3339
2562
3511
2098
422
2200
3511
2728
3911
2268
487
3527
2042
2899
2827
2851
2121
3787
2932
2366
3951
2907
3163
2795
3802
2792
60
3768
3026
2312
3541
2917
3109
3053
2207
748
3330
846
3160
2124
3965
1848
3848
2211
3970
709
2707
34
3256
3641
3090
3910
2343
2962
1389
2049
714
2212
3102
3520
3993
3136
3342
3999
1618
3446
2123
2067
2002
3108
2368
2586
1088
3292
3231
2683
2336
1451
2011
3278
3754
2095
2353
2023
566
2038
723
1104
1901
3373
1014
2286
2901
3459
2651
929
3318
2863
3717
3881
3987
1044
3353
3543
3993
3587
2942
3866
3404
594
2349
3498
3385
1058
1664
2921
3009
1757
1969
3652
2951
3745
3977
3126
394
2922
1833
2835
124
3971
3775
209
3102
3671
2637
1996
3758
1374
3861
2149
3991
3715
891
3841
2010
3154
24
3325
3646
2710
1485
3078
3862
2980
3472
1076
561
615
3480
2076
2503
2717
3997
3374
1954
761
2873
2513
2549
2453
2573
2451
2833
3691
2167
3682
3428
3839
2846
2345
3092
2137
2322
3119
2827
1349
22
3019
3261
3704
1122
2194
3471
3814
2335
2204
3205
2896
2871
2459
3222
3691
2236
330
3961
3043
2264
2874
3081
105
3810
3810
3797
3740
1716
2245
3721
2010
3030
2735
3045
3844
3446
3136
3558
790
2166
3105
47
2768
3338
3221
838
2874
2657
2332
3220
2558
3803
344
2252
2767
2358
318
3636
3333
3602
1635
3301
3368
3680
2038
2014
3217
3013
832
3733
3789
2788
3647
2824
3522
2614
1492
2799
3790
2030
2061
3378
3243
3998
3991
2435
3707
2915
2467
3299
3501
2557
2867
3305
2241
3606
3136
2714
210
2694
3079
3338
1772
3332
3268
3354
2645
2873
1148
3170
3372
3994
2928
565
3838
2343
3554
3862
3452
3487
2103
2061
2541
184
2432
2822
2150
2111
3317
1183
773
3093
2420
2417
2142
3410
3457
2181
3584
3246
2140
2687
2713
3304
1155
2596
3378
2008
3862
620
2289
882
1744
2450
3079
3307
3156
3701
2061
2476
3940
1497
3293
2453
3092
1803
1790
3709
177
3012
3024
2818
3021
2899
2883
3712
582
2681
2093
612
2201
3621
2996
824
2200
2073
3186
73
807
2201
3118
2678
2679
2118
3187
2423
2000
2845
3325
2520
3225
1351
2296
2313
2064
2121
3519
978
898
3050
3032
3349
3578
2723
2999
3882
3359
1918
1793
729
2506
2901
519
3938
507
2830
2220
3276
3241
2242
282
3806
3976
2075
2286
3883
3733
1296
1381
2089
3945
1075
3935
2803
3981
80
3205
17
1521
3633
2766
3597
2550
167
3021
2432
2196
908
3556
2269
574
1762
2600
3877
3189
2524
3693
1029
2414
1233
348
3822
3354
3648
3841
2158
1476
3165
3071
1673
3601
485
2073
2055
1651
3833
2170
2084
2770
2379
2180
3701
632
1387
930
1865
2283
2006
3194
2122
1060
2169
2850
3340
2254
3410
2837
2727
3670
2079
1353
3805
3172
3880
2008
2588
3294
2719
2178
2873
2105
3873
2451
3634
2570
599
2403
2454
648
572
3600
2406
3427
3845
2989
234
3267
2110
1328
2298
3806
1806
3610
3731
3666
3140
2102
3435
3687
2180
2318
760
3528
2088
3988
2062
3312
3733
3461
3932
3206
3945
3467
2087
2875
2340
2049
3496
2135
2089
3625
2497
311
3243
3659
3455
3987
2178
3276
3186
33
3219
2176
3412
2644
2388
337
730
3233
3826
3806
3574
2205
1538
3991
2554
2976
2064
1423
2743
3012
1433
2605
3418
3417
3559
3538
3848
2009
2644
3576
489
3200
1752
2582
3071
3371
3267
247
3994
2051
2023
2166
3500
2378
3858
3521
2520
2787
3528
230
2701
3848
2243
2973
2331
2250
3088
2479
3058
3458
2635
3617
3833
2004
2675
3203
3623
2881
2324
2743
3995
2042
3215
3491
3152
1419
1384
2037
2498
3532
2768
3657
3596
3185
2508
3682
2841
3018
2736
2316
2025
686
2833
2764
395
602
3984
2860
3457
2041
3012
3469
2070
3275
1864
1394
3869
3178
1553
3355
3391
600
2733
1660
2280
3365
747
1592
3987
3015
3612
3968
3296
2576
3543
2365
3458
1546
2885
2702
1686
2775
2932
2197
2336
3395
2133
3927
3132
2369
2446
2605
3795
2632
2019
3919
2920
2859
2069
30
2846
3277
2193
643
2504
2004
2069
2056
2523
2146
2391
3631
353
2933
193
3304
1669
3308
2034
3481
3014
3821
2036
3509
2086
2519
1832
2408
74
3334
3886
1846
946
3904
3509
39
2490
3580
2458
3860
2084
3273
3268
2596
2933
2770
2139
2215
3724
2455
631
3811
2314
2440
3806
3199
2429
872
3005
3611
2787
279
2922
2339
3426
2920
3354
2848
3530
109
720
2131
3815
889
3001
2155
1448
3010
3341
3569
388
2031
3540
3735
3715
3661
871
3515
2884
1279
1829
3514
2905
3808
2985
3619
706
2614
3754
2544
2790
3159
2858
3107
2332
2556
78
1807
2467
2540
2197
3235
386
2174
1268
262
2149
3823
1636
2999
3165
3904
1528
2651
3491
1334
2084
2071
3876
2963
3009
2061
1367
2101
3301
2691
2842
2349
2045
3952
2018
2747
2543
650
1890
3548
2630
2873
2242
2118
2600
2648
3184
3184
3904
3709
3766
2015
506
735
3702
2015
2430
2243
2493
2267
3803
2916
2832
3767
3281
3643
3981
2504
557
727
1171
2728
1665
2729
3966
2554
2197
2059
3949
1517
3426
3705
2826
2702
3092
1426
3642
2846
2536
2994
2209
2674
2258
452
2660
3690
605
3648
3399
1696
2552
3039
1230
3785
2379
2613
2858
3107
2221
3640
3831
3463
3406
3882
3929
1656
2333
3882
767
2901
2641
2481
2707
3209
2707
2079
2422
3696
3798
3684
1604
2285
2754
2456
577
3847
3775
1903
2397
61
2525
3508
839
2389
2101
3103
2112
362
3311
3940
3671
3921
2772
3948
3488
2895
3408
3334
3913
2377
3470
2686
2641
2648
194
3928
3136
3859
3272
2645
333
2319
2887
3519
2476
2681
3142
3240
3301
2347
1377
3620
3881
3941
275
3709
3291
2016
2010
2817
3676
3127
2606
3442
2843
3078
3750
3084
3460
3945
3627
672
3474
3139
3171
2944
2377
3436
2906
2360
2257
3826
2036
1056
2084
3689
2353
1062
2065
2934
3936
2906
679
2755
3184
1143
2871
3083
3320
3104
3398
1214
3136
1936
272
3976
2950
2566
3475
3628
3942
3224
3058
3480
3724
763
2928
1792
3328
2471
3870
3476
3475
1749
2878
3623
3923
2181
2107
3286
3277
3938
3199
3528
3274
2918
1054
2638
3582
2584
2040
3164
2212
2327
2939
2462
2541
2647
3639
3104
3046
2477
212
3531
3993
2164
3340
2352
3204
2387
1091
3958
3522
3505
2156
3538
3821
3350
2752
2903
2514
2658
1529
1116
2604
3916
2961
2735
2158
3971
3225
2608
1966
2073
88
758
2726
3799
2939
3204
3492
3720
2813
3003
3158
2194
3306
2459
3611
2920
2699
2056
2432
3277
3386
3108
2727
2248
3974
3158
2020
376
2133
2984
2974
2388
3592
3990
3648
2233
2828
1569
1455
3993
2775
3273
2834
1509
1981
3655
3566
2063
2616
979
2873
3691
2821
3400
3036
2169
2510
3422
3850
2064
2153
2174
3499
3821
3937
1700
1405
879
497
3575
1388
2730
3378
517
793
2449
2947
2938
3749
2324
1609
2248
3083
1680
2333
2359
3108
2188
1236
2149
1284
2714
2832
2656
3543
2233
3012
3516
3481
1080
2026
3554
3405
3522
1887
3725
3668
2749
3425
2416
3674
201
3653
754
3347
1558
2852
2891
2815
2332
2897
2428
3533
2766
3609
1741
3003
2363
2035
2535
342
2326
1347
2181
364
2604
858
3392
2855
2491
3451
1421
2733
2035
2061
1565
3240
3021
3615
1527
617
3031
2866
3133
3266
3591
3958
1637
570
2379
2575
3016
2906
1748
473
2883
3969
3136
1784
2652
1940
3601
3121
995
2952
512
2401
3298
3815
1287
3076
3982
2354
3385
2147
2056
3827
1653
3689
3012
2017
2124
3389
479
3377
2867
2120
966
321
3363
2870
3608
3263
3660
3683
3303
433
3959
3329
573
2038
3369
2153
3435
2965
3539
3861
2871
3102
2989
3907
2401
2640
2036
3997
2955
2676
2395
2442
2898
306
3433
3236
2812
1544
3896
3803
400
3926
3837
2372
2134
2498
3117
2592
2202
3874
804
2978
3344
3292
3501
2332
2571
1938
3388
2433
3362
857
3970
3253
3234
2865
3186
2173
3716
3048
2212
3787
634
3634
3356
1011
180
454
2923
3605
2967
3590
2112
1654
3165
2112
3010
3077
3130
3360
2693
2257
3598
2524
2955
3137
3234
3498
2325
3716
1607
3944
811
2209
3612
2033
2925
2173
1574
2218
3472
1411
2910
3521
3495
2697
2105
3408
2389
2366
3060
2965
1281
2873
1015
3801
3161
2822
2451
2432
982
1924
2091
3157
2771
3774
2694
2193
2730
2481
2869
799
3363
3886
3877
2439
589
3182
2766
1727
606
2190
3757
2443
3531
2010
2519
3586
2831
1948
3614
3460
2465
3983
1928
1704
2044
2537
3668
410
3703
2129
3561
2582
361
2309
3357
732
2047
2592
3694
1779
2540
3992
2877
533
3666
392
3758
2835
654
3834
3398
2442
2008
2396
2384
2587
2082
3103
3914
2057
2766
3403
3916
2385
3852
3933
3780
3470
3301
2645
3323
2716
2034
3980
2491
2839
3677
2052
3523
3902
3207
2867
3862
2891
2975
2188
299
3537
2402
3672
2535
967
2057
1835
2135
3189
1643
2865
2890
3252
3655
1557
2510
3161
2100
2724
3658
2127
2148
3419
2125
1193
1799
2989
3704
3291
3768
2142
2476
2616
3004
3834
2895
3484
2513
3709
2401
1875
2255
157
2712
2604
3984
3615
2103
2055
2188
2554
219
3296
2639
3279
2931
2669
2351
3210
3043
2277
3112
2273
992
2250
3274
3116
2967
3387
2927
1863
2921
2568
3184
3570
2432
3519
1348
2625
1206
2851
3874
3854
3288
2280
3590
3128
2404
2130
2863
2322
1570
1973
3375
2820
3255
93
1765
3275
3470
2897
2313
3751
2069
3588
3693
2061
3113
1406
3848
3750
3054
2268
2559
2831
3371
2892
2201
1219
2920
2425
1976
2757
3044
2762
3222
2534
2530
2593
3373
3566
3539
1012
3194
2049
3195
546
3478
3273
3757
3201
722
1899
3045
1769
2008
3946
3492
976
1972
2821
2886
45
3936
2354
3394
3213
3603
3083
3300
2438
2349
619
2734
2720
2050
3729
2515
3317
3297
3787
3637
2591
3690
2110
2106
3429
3526
3897
2945
2682
3846
2281
1170
2947
2684
575
1623
1794
3725
2326
3208
3706
2443
2878
3738
3223
904
1401
1587
2798
3938
2589
3965
2634
3299
2468
3154
3094
2156
2341
3377
486
2557
3033
2730
3546
2462
2594
1658
2078
3182
2565
339
2753
3385
3010
2785
1962
2211
2702
2159
1785
3644
2297
3512
2530
2379
2898
2802
906
3956
2862
2043
3530
3986
2567
393
2503
3225
3418
2418
3667
682
2808
2135
2920
1205
3960
1563
3660
2441
2320
3936
1163
115
3780
2158
3929
1512
817
199
3469
3019
3933
2525
2650
3688
1956
3302
3234
2418
3831
3960
2337
3270
2153
1766
3355
3696
3433
2396
1395
159
3660
498
2151
2014
2205
1150
3718
2797
1935
3747
3014
3819
2434
9
3898
2402
3028
2336
1245
3665
3193
1506
2176
2337
3237
3592
3311
2858
692
3506
3255
2000
3781
2489
3919
2202
2495
2234
2433
3596
2318
2072
1967
2044
884
1751
3852
2155
2602
3073
2548
3469
3474
474
988
1101
3252
3439
836
3030
3689
3932
3270
3644
3970
3352
2383
1186
3107
2178
2511
1707
3618
3448
2363
3353
2505
3584
2403
3406
3536
59
3554
3945
3342
3240
2418
2892
2441
2983
756
434
3138
2995
1324
2239
3684
2650
2274
2283
2471
1025
2638
1124
3031
2864
3541
207
1841
984
2813
2264
2587
3074
2626
3352
2537
2801
2889
3945
1316
2505
2001
2426
916
3151
3042
257
3443
2471
3680
11
2843
3345
3286
2717
2941
2044
3263
2156
3262
3171
1781
3893
2031
937
2568
2332
3258
2867
3044
2178
3646
610
2770
895
3876
3763
3412
3588
132
3464
2289
3034
2025
2196
3794
2273
2538
540
3954
2934
2901
2528
3068
3318
3945
3114
1470
3713
3011
49
2775
2876
924
2480
2542
863
2027
325
2160
2098
95
329
3829
3946
3378
3189
2640
958
2169
3726
2091
2948
2335
2982
3281
2207
1631
2875
1524
2993
3630
2162
3945
2161
2107
2663
3743
1207
1939
3710
2935
2288
3471
850
3952
3858
2525
274
2891
3848
2833
2514
1849
2082
3945
3346
3279
3319
3521
3899
2185
3004
2981
2914
3417
2579
1481
2202
3666
3151
1703
2764
2276
2986
2810
2039
3115
3992
2093
2707
2386
3903
2741
3892
3735
3262
3377
2984
2095
2767
2611
3390
3168
775
3407
3189
3877
1022
1616
3638
2206
3602
2040
3360
2264
3720
2145
3355
3244
2133
3874
3658
2613
3046
2693
2257
680
3378
2925
2475
2996
3081
1380
2596
2953
3887
2625
2004
2471
2746
3299
3866
52
1853
1256
316
3869
2913
3567
2798
647
3975
2100
1033
3311
3888
521
3969
3950
3874
2135
3025
3827
2887
3848
3157
3629
2250
2559
3681
3635
3479
3705
2391
2214
3979
122
2912
3430
426
2749
3100
2556
2721
3313
3765
3993
3657
2239
2634
2547
1358
2861
371
2493
2827
2167
3390
3622
2065
3009
3690
2377
488
3522
1323
123
2576
168
3087
1343
899
2994
2638
3695
3164
2225
1117
3817
2394
3396
2695
3750
3648
2753
2874
669
2147
3132
3541
2325
2711
2975
3018
3166
2614
1599
2430
3724
3128
2524
1873
2745
3454
2767
1963
553
2523
2236
2529
3618
3259
2660
3247
2996
3040
2903
2060
3051
3437
2774
3408
1679
1830
956
1971
3973
3029
3713
55
2117
2072
800
2813
2683
2872
3476
3208
3288
1283
3574
2875
3735
2679
2930
2504
1289
3158
3340
3591
2122
3199
2072
3401
2090
3485
2800
3371
2086
3295
3734
2731
2913
629
2516
2681
3777
3348
2289
3083
3980
3914
1813
1339
1359
389
2844
1827
2224
3542
3950
3164
2387
2207
2250
2399
3520
1432
3978
3520
3835
3566
2017
1532
2618
1824
2269
1082
2783
2050
1462
2114
1960
2712
3153
3955
3689
2758
3141
3894
2164
2005
2364
3937
1889
354
2127
307
2622
2122
2556
3343
3359
2382
3592
2484
3711
2166
1167
3368
3708
2409
2225
3331
2315
544
221
3862
3192
2767
3335
3072
3472
2576
911
3336
3535
2503
1314
3395
2523
3317
3400
2429
2197
3508
1805
2068
2300
2290
3161
3471
2419
847
2086
3269
525
3816
3812
1152
3956
2433
2712
2578
2357
2909
2786
2233
3855
2805
3689
3101
2809
3829
3881
3140
3882
4000
3883
3080
3597
3191
3019
640
1991
3061
2358
2651
750
2341
2171
2294
3694
3048
2844
2270
3665
2847
1734
3185
583
3822
2633
2639
3775
2306
2006
3557
3290
3971
2907
3698
1002
3202
2886
3886
3254
3290
3882
2678
3622
3788
3304
2087
2945
2859
3609
3183
2772
3006
2578
2066
2844
2355
3635
1472
3166
3498
896
2364
3146
2096
3974
3312
901
658
3191
2094
3766
2671
308
2939
2274
3551
1474
2539
3736
719
2153
2471
2544
2206
3275
3287
3118
2609
2443
2166
1428
2151
2909
1372
3241
3806
2600
1396
2340
3418
2089
3965
2703
2650
2836
404
2173
2573
3392
2654
579
3861
2208
3510
997
2069
2709
2153
3980
791
2321
2920
697
3264
3186
2490
2130
2512
2680
2649
942
1378
1190
1927
2582
2763
2238
3645
3942
2284
3405
3095
265
403
556
1360
2864
3089
3983
3632
1298
1307
2880
3338
3071
1895
2731
3460
3597
3586
1309
1909
2685
2724
3720
819
3227
2728
3413
2709
3908
3874
853
3168
2051
2073
3461
2240
3464
1006
3803
2447
2420
2403
3987
3914
3677
3897
2705
2996
2929
2217
3291
3024
3747
3510
2991
2806
3686
3941
3820
3624
2603
3885
3401
2607
1502
2392
145
1683
2913
2819
3393
3454
1333
3872
3608
3486
3663
3181
2408
3329
2409
3992
2268
627
3832
3160
3321
3188
3847
2535
2509
259
2807
653
3820
293
2332
2808
3409
2108
3537
3460
3386
3203
3982
1119
2581
3020
3783
2350
1692
2937
2059
3028
3871
1445
3131
3053
2696
2847
2003
2357
3572
1854
2778
2763
3726
3917
3148
2541
3933
3545
2804
3230
2834
2414
3021
3752
3870
2546
2771
2406
3515
2020
2217
385
2582
3216
3400
2152
3512
2018
2501
3767
3429
3569
1628
3626
2105
2620
2096
3040
3231
97
3144
3055
3605
1221
3850
2625
2853
3545
3678
3191
3904
419
2780
2752
3141
1579
3329
2701
1759
3943
1828
46
783
2240
3100
3573
2815
3468
733
3920
2986
3611
2514
3682
2931
581
2619
1630
2403
3452
2972
2340
3995
3762
2948
2256
776
3541
1209
2157
2811
2859
1089
3991
2915
3913
2434
2446
3457
3139
3627
3108
1313
1728
3448
3672
2126
3218
2636
3759
2438
3884
2731
2721
3361
118
3087
3188
3631
300
3218
3536
2932
1715
2821
3510
2946
2752
2146
3227
2306
2774
3310
2985
526
3213
2153
1989
2516
3372
3756
2173
2719
2476
1255
2077
3801
2371
3822
3327
1468
2931
2229
3924
2338
2151
3560
3010
2950
2355
2543
3092
2539
3211
2032
2905
2100
2188
287
3506
1674
3611
2249
1625
2836
3721
738
3097
137
2226
3396
601
3642
491
2488
1911
3290
3435
121
2986
3384
520
3389
471
3019
2404
3543
1942
3489
2264
2012
2577
2444
3944
317
2180
2765
3294
1743
3357
3008
1681
2875
3168
3191
3373
2238
2249
3940
2090
2063
2818
2369
2143
3402
1882
2899
178
3673
162
2777
2705
3778
2573
3560
2326
3929
3238
2526
3458
2007
522
585
3765
3543
190
3411
2595
2074
1712
3064
1764
3891
2661
87
1239
2644
2029
2166
65
2877
3927
3668
302
3703
3869
2385
3847
446
2914
3566
584
1066
3645
3792
3099
3324
3056
2110
3718
3571
3701
2203
1375
3553
2846
947
3962
822
2832
2571
2914
3373
2976
2035
1943
3328
1330
2184
3908
2611
2781
3973
2071
2181
3269
3111
2902
3255
2626
2315
3677
2161
3512
2911
2521
3167
3205
3051
1232
2107
3191
2691
466
1796
3658
1038
1010
2237
3675
752
3498
694
3778
3138
2203
3874
2378
3256
3685
3439
2267
3581
2444
3043
3885
2860
3055
2796
3807
2076
3865
2654
2082
3910
3021
3601
3581
1115
2097
360
2906
2229
3946
3997
2645
3403
2545
3909
3479
1009
2828
76
2856
2672
2421
3808
2300
2654
2288
2405
369
3141
475
3971
2236
3148
3927
535
1510
609
2105
3468
2708
3706
3897
2804
3162
2888
2308
3496
3807
2230
3756
1608
3989
2241
2661
3966
3542
3920
3739
3832
3363
3680
3139
2146
3099
3530
2067
1655
1361
2850
3293
3921
3476
3905
2482
3922
126
2405
2797
3591
1970
3862
1461
2310
2402
621
2715
2781
3876
2852
3233
2045
3497
1950
887
3456
3238
3104
3725
3891
2539
3327
3730
3124
2575
2901
2687
2575
2934
3937
2145
3979
737
3998
3296
2515
3604
2049
2450
1318
202
2469
2517
1097
3439
2693
2876
2504
2092
3048
2921
3094
3226
2337
2995
1541
3823
1174
3875
2895
2557
2700
2287
1450
3273
3314
3964
2004
3612
3148
3572
3526
2994
3594
3314
2573
3530
3414
3559
3119
968
1130
3360
3555
3536
1340
3684
3324
3939
2808
2642
1932
3334
3150
3836
2995
492
2732
2188
3257
2782
2787
3839
2085
2758
2629
3673
3620
3491
3237
3765
3645
3617
3446
3170
3096
1156
2216
2992
2021
3695
955
3209
3862
3422
2549
2519
1441
3072
2643
3698
3387
3672
120
2619
2831
1531
3131
921
1998
3559
567
2623
3973
3969
3799
1042
3250
2872
3756
3145
2828
244
2623
2443
2633
1647
2839
2319
3961
3738
713
768
3038
2308
3427
331
3674
418
2927
2866
334
3332
3646
2188
3095
503
3008
2910
2437
3201
3729
3561
3464
2833
2493
3711
2578
3264
2975
881
3925
2614
3005
1691
2807
3971
3111
922
2120
3555
2892
3489
3800
3757
3428
2648
2819
3614
2596
3681
2442
2611
2176
2170
2182
2397
2317
704
2607
2848
1482
2291
2625
2550
941
1354
2329
1129
2824
3490
170
3785
3540
2127
914
3814
3379
2229
3901
3720
2111
2668
2454
3345
2185
3557
3754
3334
1094
1778
3363
721
3698
224
1344
3873
3308
2718
3037
961
2585
2990
2175
3600
101
1706
3636
3571
18
2130
2411
2803
636
3576
2698
2836
3773
3669
2911
2323
2837
2349
2486
2230
3786
2491
2827
1067
1698
1577
1571
3034
2267
2928
3623
3520
2388
2626
3717
2696
3246
3598
2511
3529
3387
3931
2520
338
3864
3401
578
2910
3035
3279
3354
3112
2351
3742
252
3885
2014
2425
1500
3746
2082
98
3357
3236
2730
3850
2549
2802
3910
3918
1053
2986
2841
2738
1204
2597
129
2504
3541
991
182
3655
2745
2380
3080
3481
2213
3706
3446
2602
3898
1820
2492
3543
2738
2186
3542
3708
350
3082
3568
861
3283
1464
2809
3335
2615
3108
2123
2569
2947
2708
2002
1051
2625
1689
3966
1702
3635
3641
3031
1274
2225
2624
2903
1184
1189
3412
2564
2065
837
1370
2728
2188
2630
1234
2861
3640
1834
1018
1023
3031
2501
3268
3976
3030
3650
2353
3989
2683
3782
3963
3261
878
3297
3798
3311
3618
2218
3882
3183
2776
3455
915
2115
3367
1525
2735
3550
2283
3826
3929
3642
3921
3127
810
701
1905
3526
3031
2520
3464
3055
3792
2603
2275
2938
2281
3126
1068
3878
3834
2734
3633
1934
3950
3208
3056
1035
2721
2342
2253
3550
1682
821
3337
1357
3629
3652
3290
2890
2821
2633
2496
1466
3731
3908
2074
2881
2234
509
3711
2467
2564
1659
2613
2588
320
3212
431
1534
3521
2448
2944
2121
2236
3957
3047
2649
2314
3862
3605
2838
2675
2386
3785
2272
3693
1720
3623
3850
3780
2016
2921
281
2340
3579
513
660
2893
2360
3679
1738
3669
2591
2233
2222
3641
505
2582
3548
673
3402
3316
2082
2692
3721
3883
2251
2559
2994
1505
1808
1498
3238
477
1490
3851
3224
1096
3570
2258
3598
3202
2586
2814
3470
3643
931
2953
3494
2814
2070
2173
3424
2401
2358
3265
3093
2615
3638
1877
2064
2286
543
2520
3446
3991
2808
3459
3451
1931
2722
2411
2343
2629
3396
3798
2923
1773
3896
3387
2392
3326
3249
35
1052
2467
683
845
3129
2841
3624
3722
774
3065
2683
2392
2415
2062
3666
3398
3697
3968
1550
3145
2664
2158
3646
2967
2681
2970
3900
2170
3880
1837
3220
3160
638
3298
2267
3901
2552
1454
2921
830
3496
3004
2183
2840
3843
149
2753
2882
3029
1872
3692
3324
267
3702
3576
3507
2511
3736
2524
3547
3612
2983
3806
2680
2901
2609
2356
2417
2719
3943
1320
3462
218
2374
2091
2261
3485
425
2855
3694
2402
3898
3699
3856
1300
2796
277
3591
213
1158
2276
2477
456
2454
3724
2115
3636
319
3895
1838
3894
2302
3817
2356
2656
3736
2276
1977
3809
1874
2210
3178
3525
483
3604
3585
3393
3464
3875
3008
3935
3797
444
3622
2773
2834
3183
3166
3864
3602
3286
3743
3268
2188
2787
2116
4
2931
2202
3058
2223
3543
3625
3247
1442
1611
3447
3364
3422
3096
2792
3138
3571
3858
3670
3257
2836
3422
3108
2886
2585
1850
2327
1697
3389
2773
3456
2505
3252
3291
3893
2442
3325
3798
1317
3595
2651
3147
2510
469
484
3194
1198
1988
1897
2545
2697
3124
3813
2274
2449
255
2781
2555
1459
3965
3782
2624
3477
160
1412
2409
3421
3260
3111
3178
2791
2813
974
3483
3561
3350
3538
2816
3390
3717
3792
352
3810
3445
3258
3127
2719
3167
2601
3626
3861
2751
114
2253
3602
3351
3438
3738
2813
3114
3397
1379
3699
3385
3760
1252
3721
3921
667
2375
3074
2837
3608
3050
3457
3920
2853
2666
980
3938
1530
820
322
2538
2022
740
3408
3868
3276
3518
3557
2848
3030
2798
2703
3307
3023
2683
2959
2504
3329
3756
2407
2129
1871
3462
2120
2602
2084
2445
2871
2408
1513
2690
2788
3061
3702
1383
1453
3272
1770
2820
3750
3818
2462
3030
1146
3223
3856
3614
3444
3853
3174
2445
3791
3655
3107
3337
2987
1272
3033
2258
2764
2524
3699
2619
1346
3830
2049
2011
2166
335
3582
2882
1249
2731
2718
2304
785
1705
3659
2576
3446
1804
3782
2535
2750
3009
3678
3287
3026
2035
554
1108
92
2173
3273
2202
1845
549
2956
2577
2088
3024
2354
3651
3643
2067
3670
3114
2139
2115
2377
1050
2152
2808
2785
2895
2770
3453
3182
3302
3195
2259
3208
3268
3911
2174
3188
2882
1668
2122
1326
23
1777
3137
2208
2886
542
2183
2401
3857
131
2853
29
2930
2077
3001
2796
3401
827
3732
3053
3685
3346
3515
2063
3399
2891
3987
2216
1215
2734
2050
2488
3304
2278
651
2869
3425
405
3496
3212
2823
1137
3653
3188
2231
3918
2365
2900
2595
3518
945
3724
3338
3085
3189
2452
3655
2611
2795
3230
3393
3170
2171
2971
3138
3460
3237
936
3001
2463
2224
2946
2415
3663
102
2973
3192
3464
3760
2879
2638
1238
3116
2757
222
1087
3562
3794
1632
3246
2949
2284
952
3234
3056
414
1216
2598
3789
2223
2878
2270
3671
2014
3111
1016
1666
2667
2511
2863
1614
2133
2650
2980
3865
1723
2964
3194
2564
2557
1228
327
2883
3041
2759
3299
3130
2403
3567
3241
3155
2960
2291
3608
3271
2379
3526
3254
2490
3203
2741
2347
3466
3944
3487
3927
2453
3115
2812
3303
1436
2155
2594
3233
2967
3353
1552
2326
3250
2873
993
2713
2617
1893
3225
1852
2680
2712
2704
3361
3635
3686
453
2177
2425
2929
3484
1218
1055
2521
2887
555
3975
2296
378
3615
2770
3221
652
10
3608
3233
2084
2675
1373
3525
854
2068
975
3161
3825
3098
1308
3055
2471
415
3336
3497
347
2831
3599
685
3609
2341
104
1754
1229
2303
2604
749
1282
1662
2914
2722
2835
3872
912
3061
3453
421
1572
2384
253
712
2416
3979
217
3868
2921
1732
666
3601
2852
286
3906
2218
3568
2311
3624
1456
3542
3855
3513
3055
3591
2571
816
2619
691
1760
2084
2855
2767
1641
3573
3017
3463
2198
2917
2061
3235
3302
3028
3010
3458
3236
2629
1885
3818
2067
2578
2035
336
2925
2911
245
959
3815
3179
3204
3327
2671
3234
2940
3793
3191
2031
3991
3744
2350
2175
2517
3174
2659
1355
2323
3051
3653
2626
3261
3610
3411
3287
3086
2913
2956
3781
3426
3466
3144
3053
2463
3429
1049
2147
3940
1201
3262
2730
3559
3614
2812
3737
1321
3118
2262
2468
3028
903
2617
3864
2216
2270
3140
1726
2332
3669
357
3773
2338
2779
2982
3381
3984
2581
3827
2439
2381
3650
3004
3354
297
3222
3871
1672
2270
2880
3077
2015
2052
2901
1039
3493
3473
2825
1069
1259
1968
1952
3149
2354
1112
3169
2541
1020
2686
3778
2724
3555
2193
3684
957
2288
3633
531
1227
3817
3767
2698
2402
1867
1102
3892
2128
3839
2876
2208
2094
2455
2016
4000
3177
3464
2374
3724
1589
3730
2005
2187
3419
2149
2812
2752
1123
3736
892
3876
3779
3110
3004
2801
1825
3040
2897
3464
2394
3550
2812
3190
2093
3106
2177
2573
2399
2276
3431
304
2269
2393
3906
2290
3186
1776
1894
2227
2961
1382
3818
2810
2451
1
874
3888
742
2241
2780
56
3317
3180
1860
2946
625
3375
3897
3102
3775
2966
2684
1120
3029
2330
2706
1257
187
537
3354
3668
3638
2752
2700
2461
3750
3394
2202
3534
1914
2123
2119
3564
3453
529
2340
3172
3125
3544
3168
3653
772
2556
894
3171
3747
2558
2247
3335
3760
1103
3854
1786
2947
1535
1869
3796
3567
2438
2428
3178
185
3612
3882
2490
3200
439
1488
2945
3889
2294
2842
2708
409
3757
3852
3226
1951
2579
2966
3056
3827
3120
580
2257
2470
703
3576
2647
3645
3762
3608
3713
3554
2475
1133
2705
2258
3890
940
777
2419
536
3963
2257
3653
2914
3814
1210
2420
2880
3578
2002
3656
2724
3976
3652
3403
3128
3432
3687
3763
2298
1065
3637
3630
2374
2946
176
268
3634
2843
2085
3221
2005
2373
2011
441
3951
3708
2662
2702
301
2791
1816
3808
391
3767
3651
58
3786
450
905
3329
3613
2368
2902
3610
2230
5
3061
2286
2043
511
2905
19
1160
3404
2036
1913
2431
711
3505
3214
1619
3340
476
2483
3938
3329
435
3049
3965
2448
2626
2359
3457
3623
3248
1933
2871
3286
3125
3870
3216
2586
3413
2912
3556
2123
3346
3908
3624
2027
1366
3224
2798
2158
3348
3411
3800
1427
3611
2525
2334
1733
90
2447
2252
1400
2420
3725
3668
3010
2150
2032
94
99
2900
3893
2480
2503
3104
2398
2984
2587
1311
2758
3958
2882
3342
3302
2546
2799
3934
3754
3661
1880
1747
1815
3760
2789
3438
1920
2647
2100
3570
2378
3684
3446
2490
3141
510
2146
782
3797
3863
2043
2996
2411
2840
1800
3260
3750
174
1345
2263
3643
1226
96
2163
2031
3511
1756
813
1458
2302
3269
2771
1336
3085
2886
273
823
3742
3257
3842
2951
3094
3388
925
2694
2050
3823
2152
3431
598
3167
3400
2593
3856
2134
1179
2721
2412
3236
986
1612
2644
781
2767
3892
2828
3835
1495
3067
3769
2400
2267
91
3458
3578
1929
3420
2342
3956
596
2402
2413
2216
3303
3624
332
41
3499
1026
3128
1078
3002
3712
2656
191
2326
2492
3095
2041
2272
3242
3314
1063
2637
3263
3441
971
3554
3748
3986
2457
2031
2275
2324
3047
406
951
1310
3193
2813
2973
2338
3059
3898
2066
3145
2907
2638
1471
3282
3133
3399
3548
3304
2893
3147
3690
2840
2479
2236
3901
3260
2618
3827
83
3411
2394
1582
2070
3612
2447
3527
2447
3743
2562
2284
3082
2572
3567
3116
3934
2716
3399
2398
3344
3608
2093
1341
2197
2790
3264
2900
2126
1248
2779
2480
3332
3231
2069
3880
480
518
3488
843
3442
1548
2363
2932
798
2937
2283
3591
2216
2501
3959
2718
2436
3080
2434
2469
1332
2733
3747
3351
2260
2594
3874
38
3258
852
2854
2768
840
1489
3464
3583
3904
2428
2959
3377
1508
2545
2465
2574
3486
2291
1780
2781
3560
3976
3659
757
3513
2786
3376
2965
3877
2227
663
3253
3282
2597
2775
1302
2952
2411
3695
2192
2274
3294
2669
888
2853
1675
3512
3055
3806
3926
2686
2856
2822
2501
2802
1791
1922
3599
2792
242
3252
676
2963
2948
3151
2559
2759
2976
616
668
786
3641
1107
771
3656
2650
1584
2856
2253
3228
3565
2901
1560
3230
2258
3788
2905
2924
2573
2648
3240
1059
2609
3099
211
1188
3803
2255
3629
3661
3735
1545
1041
1181
2431
2224
867
1646
3368
2821
2504
2777
1555
3309
3754
3125
963
2172
2471
3398
2951
2244
3938
3258
3069
3763
3128
3975
2506
2393
2050
3001
1598
3754
2287
3899
3381
3776
2307
1767
2867
3524
2684
445
1710
3582
2429
2029
2120
2190
2870
2897
2002
2197
3959
3211
3620
597
3898
3197
2353
3101
3427
977
815
2999
1789
3816
3301
3366
3020
1652
2080
3636
2770
3127
460
3068
2119
3538
1542
1276
2540
2505
3891
2090
3330
3149
3169
3697
2518
1149
2690
2427
1627
3078
3799
910
3464
2212
2847
698
82
3218
166
2421
292
1953
2603
2542
3329
2091
3665
3952
2021
3346
2823
3965
3159
3847
3310
1007
3424
780
1064
2578
2608
2485
3631
3887
3585
3666
3715
2487
2358
2156
2871
2142
3470
755
3883
3907
3384
2630
3741
3746
3937
3110
1093
687
2137
3657
343
1839
3907
2212
3771
2728
2431
3130
2324
3570
3341
2208
2184
1576
3673
2570
3365
2129
2651
657
1192
2534
3431
3987
3249
3167
3075
2361
3469
3587
3275
2878
3482
2516
1479
328
3011
3653
1965
3024
1731
3884
3419
2495
2109
2045
2546
3595
3078
365
2266
2516
3821
243
2199
2951
3606
3183
3845
3518
3445
3758
3159
3532
3459
1095
2342
2996
231
117
2344
3282
2618
1526
3949
3428
2331
2342
1907
3739
2134
3380
3513
2234
3281
3438
3726
3283
851
2917
67
2999
3893
2068
2075
2598
3471
2021
789
1438
163
2283
3598
2854
2734
2481
3997
2566
2921
3737
3980
2730
3220
3881
2947
107
1074
2440
2066
2528
3127
527
3668
2714
2886
2248
2691
151
2546
2528
2943
2883
3852
3742
2093
1292
3511
2049
1030
2212
290
2399
2648
2081
2809
2222
3337
3334
2715
1610
28
2194
3563
3878
2457
2982
2578
3886
3140
1159
1597
3085
309
3126
2053
3132
2659
3432
2925
2796
2654
2441
3463
3248
3629
3616
3313
2008
2750
2356
569
3990
2203
1930
2993
3255
3923
3456
3553
2579
3695
2817
1265
2567
2244
2008
2119
3172
2038
2465
3265
2256
1959
3327
626
3786
2821
3981
3541
3635
3122
2354
2817
2094
215
3542
2407
3716
3713
270
3927
1176
2210
3176
2313
2996
3606
1695
2395
25
2776
2001
2607
2318
3532
1501
2204
2869
981
3158
2978
2064
2123
2479
2330
2861
3682
3998
3255
2904
2392
1231
2417
1271
934
3766
72
3319
2483
1826
2245
2479
3349
3308
3582
3349
3915
2083
3824
3410
3473
551
3341
3017
2432
2401
2205
3093
2239
1397
2099
2277
3901
2703
3271
3202
3720
3883
3854
3393
3517
3290
3790
1603
3607
459
3691
2816
3263
2922
1798
2197
3998
2990
1844
2311
3121
2520
3885
2833
1414
384
3420
3870
2030
2676
3682
216
3736
2788
3145
3764
3778
3546
920
2522
3506
3979
3188
2077
3039
568
718
2284
644
2363
3963
2069
2539
2493
3344
3661
3798
2195
3737
2129
3016
3386
3416
495
2072
119
2928
3895
3158
1084
2543
3835
801
2043
3143
3151
3300
2448
2918
1413
2156
3337
3921
1457
2430
2313
2800
3558
2358
3786
2900
3377
2699
3651
2171
3137
2341
3173
3845
3377
2580
3212
2961
948
2820
3015
1147
2724
3048
2802
3178
2284
3206
3204
3541
2346
3137
897
2126
2010
690
1128
2813
3064
3661
3608
3827
3629
3074
2464
539
3025
373
1447
3119
1819
835
133
2538
84
3637
3048
3813
1708
3873
2111
2413
2270
3203
3693
2458
2936
3625
3054
2369
3042
3011
3128
2645
2487
3295
1722
3798
2403
2674
2230
3722
3621
2820
2467
3177
3942
2927
2208
1303
2723
1403
3034
2511
841
2290
2421
3165
3498
3218
2814
3435
2688
2712
3736
2566
3221
3656
1650
2349
3483
3294
3327
3294
2570
3103
3328
141
3387
3629
3516
3236
3224
2334
1270
37
2639
2032
2782
3977
2470
1575
3454
2963
2580
693
21
3055
3811
2514
164
2329
3265
3265
3745
2154
2038
3732
3842
3998
2838
284
3023
825
3958
3817
928
437
3918
1081
2324
3273
795
3855
3751
2251
2157
2060
3908
2092
1331
1151
140
3579
2064
2997
2086
1407
3770
2145
2277
2389
3085
63
3051
1032
1536
3357
3658
2345
3059
2213
3609
2756
500
2065
2727
788
3696
2328
2735
2228
2714
3243
2050
3732
1486
3438
642
2772
2264
2278
2604
2127
983
2928
3001
377
855
2132
2326
2813
3491
2389
2488
3356
1126
2528
3764
2210
2444
563
2427
3745
2066
2359
2688
2644
2048
2752
20
324
3652
3243
3103
2655
147
2253
3692
3178
2274
1138
2433
2683
2362
3190
2687
3079
3198
2033
1783
2710
2881
2252
1812
291
2413
3087
3192
89
71
2554
2852
2183
3849
2765
3994
1254
3509
3819
2850
2706
2761
2821
2104
1154
3799
2043
3314
2909
2977
1581
3525
3806
2377
3034
2545
3023
3863
3957
3702
3456
1090
2688
2385
3515
2391
3741
3942
3861
3191
1306
2967
2155
457
3761
2491
3997
1199
3174
3629
3690
3598
1483
1273
2086
3110
3760
2354
3043
2093
3804
3726
2487
2792
2793
2760
3391
1883
2736
943
2305
1670
862
3369
2633
2561
3997
1417
2795
2747
3778
3495
2518
2067
3470
2380
2561
3913
2774
2012
2241
3594
2063
3606
14
3033
3013
3437
2594
2510
1079
3250
3162
3595
3137
2757
2019
283
2403
3004
3404
3410
3114
504
3914
2768
700
2099
3945
3529
2074
2173
2049
3177
2387
3658
2269
2045
2953
2827
2845
3212
3214
3018
2497
2990
1568
2277
3770
2253
2707
1285
2276
2995
3271
2289
3263
2807
2262
1127
2846
2722
3440
1857
3413
877
128
2538
2254
2052
1974
3984
2210
2081
724
3476
2998
2454
3436
2726
3987
3571
2749
1947
3472
2146
3767
2242
2654
3214
2597
1337
2810
3635
2780
3719
3483
2715
3630
3469
2679
3743
1613
2871
1763
1586
3575
1671
2518
608
2862
3457
3651
3110
3843
2213
753
2444
2481
3763
3347
3136
604
1657
2744
1212
2253
3961
3071
2668
2377
3834
3025
3560
3916
3106
3050
2905
1371
2530
1223
3397
233
3463
3824
1182
3018
3152
2743
2614
2698
3569
312
8
2487
3294
2692
1213
3018
3024
3867
623
2807
3320
3828
3098
3190
3264
3140
3414
3061
2282
3608
3513
3004
2046
3131
3232
2164
1583
2570
1595
2659
2379
2948
2939
3405
2917
2809
1385
2835
1191
919
3187
2974
3269
2042
3430
2971
2802
3367
3345
2545
2610
3035
3522
3744
2480
2698
3885
375
3469
3681
2309
112
3746
3460
2516
2875
2075
3412
1811
2619
2939
3772
43
3998
2595
717
3080
2094
1946
2496
2528
2962
2664
3369
3279
138
938
3468
2616
3790
2214
468
3305
2420
200
1986
591
2765
398
3355
3720
2666
3130
3526
2430
1440
2323
3759
3464
2780
1739
3208
864
960
2225
1753
677
3547
2711
3240
2701
3496
3355
2738
2817
3102
2715
2576
3678
3415
1900
3936
3517
3658
2278
3595
3013
3189
502
2753
2517
3691
501
2528
1136
607
3673
3060
3934
3500
1801
3974
3093
828
3925
3995
2857
2437
2121
2345
2602
165
2597
973
136
2239
2817
3921
2135
885
2548
2372
743
2789
2983
3601
3277
2283
2930
2182
3033
2641
792
1817
2801
3188
3714
1782
2715
2861
2452
3496
3440
3924
424
3748
2225
3483
3225
3269
2665
2496
3285
2884
2015
3592
1810
3959
3762
1596
1134
2066
2699
2688
2124
3996
2038
2614
2359
1443
2826
2666
2615
2780
2412
2056
3967
250
183
3765
3402
1392
2594
1166
2958
3417
664
3346
2872
3213
3715
3333
2018
1429
2419
2426
2355
3212
2423
3435
2958
2162
3017
1000
3612
2345
3171
169
696
586
1418
3918
3162
2039
2731
2866
2749
2559
1685
3956
2329
2785
3691
831
2681
3723
2151
2289
2783
3670
2145
2075
2584
3342
2942
3668
2314
637
3839
154
2336
3464
3427
2971
1004
2928
3264
1711
2738
1564
3650
3760
3979
2892
3038
2923
3592
2321
1902
1325
77
1999
759
3016
3359
32
3159
2607
3317
408
2584
2888
548
2106
2779
3338
3444
2028
3557
3695
2747
3497
2
2594
3653
2452
2037
2613
2545
3717
2304
3128
3469
2475
2558
2805
2390
192
3301
2278
2467
2290
2472
240
2303
2489
2043
2526
3487
2553
3328
3697
2000
432
2376
3540
2007
2414
3481
2757
3110
3378
3888
2255
3789
2825
3516
3240
2755
3613
1602
2154
3275
158
3773
876
2965
3750
3027
560
3465
1539
3666
2123
2754
2440
3520
2898
3041
3743
2979
2698
2119
1997
2056
2193
848
481
1425
2104
3739
3346
2351
3501
2182
2255
3624
917
2959
3169
3432
2981
2772
2348
54
203
2166
2341
2047
2586
2149
1493
2601
2497
2646
3319
3368
2211
3260
3138
2389
2344
2313
2664
2180
2000
2622
3417
3390
2712
3709
3950
2846
3936
2327
241
3682
3360
2196
3657
470
2607
3156
2498
3047
2958
2455
2540
3659
829
913
3370
2097
1021
1843
2409
3164
2076
3669
2339
3316
3888
2259
2888
2438
3979
2782
3761
70
2688
593
2314
3223
1161
2460
263
2063
3450
3568
2204
2424
208
2040
3412
2693
3265
2294
447
2056
220
3399
3970
3575
2513
2490
2272
2940
2622
3008
2130
1350
2126
2888
2981
1319
3144
442
926
1224
2137
2282
2154
1729
3156
2895
2118
2552
3808
3422
1725
2169
3670
3904
3326
3515
3016
3191
2680
3318
1391
3294
2969
1858
2076
3830
699
134
2586
303
3595
2202
3255
2810
2507
2598
3871
3467
3931
2610
130
3319
2568
2770
359
3097
3570
3161
2109
3652
2512
1393
3850
1755
2222
2226
2138
3513
2813
3964
2588
1415
3833
3354
3000
3039
3507
3666
3568
3389
2592
2854
3779
3840
2491
3288
2724
3676
1196
3146
2170
2939
3829
2278
1168
1559
2542
2498
3166
2047
2085
3664
2037
3514
3855
2564
2784
2840
2672
707
2238
965
4000
3056
2204
2275
1008
2069
2433
2212
3013
2561
2549
3162
4000
2564
3085
1941
3002
3996
3809
3348
3342
125
1424
3469
2525
2217
2626
2719
3737
3686
3275
794
2421
1982
1480
2485
2506
2412
3952
2829
1995
440
3591
1719
3799
3419
467
3726
710
42
3225
2583
2825
516
1802
2344
2637
3056
3289
2188
665
2023
2225
2809
2940
1165
2653
2034
3668
2080
3022
3889
2747
3603
3462
645
3113
232
3064
2744
1246
3825
3301
2983
3225
2823
2344
3602
3342
2125
2811
397
26
1809
3888
3024
2819
1312
2841
3808
3237
2238
2245
3424
3405
1975
3948
2476
3985
2741
2011
205
430
2523
3984
2869
3464
1926
1437
2790
964
3354
3907
3562
2473
1278
3603
2486
2566
3737
3395
3314
3053
3332
2470
1118
313
1342
1884
2207
3596
3983
3814
1399
276
2619
3223
3547
2097
3202
2066
1821
2386
2102
2081
462
2173
3305
3327
2472
523
2506
1100
1329
2600
2447
2277
3353
1499
3033
1420
3073
1444
2783
383
3131
3262
3165
3384
3321
3119
2189
341
3654
2243
2157
1491
2080
2370
2238
2806
3414
3859
2021
3788
2453
416
2961
2539
2002
3553
3684
179
1591
3333
2876
3227
2208
2120
3841
2513
2070
2322
1430
2967
1906
1263
1141
1567
2227
3348
778
2187
787
770
3014
3931
2573
1291
2294
106
289
3317
3165
3840
436
3843
2033
1125
2120
2754
622
2905
2743
3888
2687
3463
3882
2871
1019
1949
3166
2601
3933
2393
2343
251
2945
3510
3870
2946
3013
2983
3333
3101
2628
3637
3103
2368
3783
1402
3510
2604
2108
3218
3792
1132
3701
2604
2782
1240
2333
1590
3191
2750
2510
3041
2595
3015
866
1048
2177
2687
2122
3696
3006
3610
3605
1178
688
2938
3622
3111
1855
1621
3121
2539
3456
2298
859
2377
3785
3827
1187
3879
3907
2706
1061
2036
2098
3538
2707
2518
3604
2161
3329
3836
2789
3027
2571
3971
2418
2886
2708
3611
2824
2847
2781
3747
2327
3629
3861
3052
3997
2793
2965
108
2222
3088
2914
2755
3960
2226
3640
3476
3093
907
1217
3751
2396
3561
2676
2001
2582
3591
2340
3185
3429
3510
2574
2736
2294
3088
3571
161
3072
1600
1768
295
64
2626
2799
3293
766
2945
2292
3980
2363
3454
3491
2442
3925
3213
3186
1891
3955
2230
1856
2036
3265
2439
2779
2783
3770
3994
3998
2037
3562
2046
3920
2161
2310
3939
2594
3631
1594
970
844
3845
3642
3062
552
1244
2188
3459
2154
1121
1878
860
3525
2133
2014
3909
1460
3820
1208
1241
2556
2113
2648
3325
3327
2549
3759
2207
1057
2879
3670
2049
3879
744
2748
3150
2743
2867
2267
1203
972
2578
2349
3330
3540
2337
2140
366
197
3381
2929
2155
2651
3766
2566
2475
2735
2804
3095
2138
3621
3741
3384
3760
1172
3029
3196
1847
3176
3576
3144
2248
3054
3689
3914
2995
12
2058
2341
1260
3241
2304
3063
2231
3721
2366
880
3320
3875
2214
