756
477
374
907
218
159
590
852
106
3
486
135
763
956
993
195
942
932
10
368
577
522
466
636
501
836
585
970
356
781
666
188
295
238
390
728
303
14
23
302
871
13
43
262
644
244
251
659
321
542
769
324
4
488
506
554
446
672
225
60
593
534
432
396
499
935
246
58
945
632
349
451
120
843
386
611
182
384
688
652
618
366
838
95
249
721
937
308
658
140
223
700
496
776
426
145
873
971
662
580
694
783
612
759
64
877
738
248
787
476
75
510
21
511
405
722
46
868
959
307
573
40
610
55
805
633
966
699
345
879
815
957
385
775
898
671
41
485
840
976
42
558
833
157
410
131
750
643
398
300
339
995
917
77
586
482
734
740
231
184
497
205
608
943
689
512
991
963
948
448
978
604
642
625
766
181
958
126
475
105
988
32
409
813
490
454
298
52
270
967
376
785
293
579
347
123
49
955
564
314
481
823
614
822
973
853
984
208
137
874
656
147
772
704
469
664
850
358
901
668
124
908
703
0
360
173
857
717
429
338
276
304
30
605
889
167
509
480
190
989
110
587
851
964
751
697
568
606
403
491
737
142
784
914
682
227
979
193
709
720
274
825
719
911
505
654
529
710
674
743
287
540
677
221
693
900
200
531
862
114
598
61
906
609
235
602
878
930
134
487
918
207
296
280
121
927
51
880
277
572
148
513
335
502
676
294
165
796
669
670
530
264
742
156
883
622
544
17
661
735
152
362
391
394
290
902
6
848
733
493
355
467
230
375
47
546
111
886
716
344
291
29
130
97
191
528
747
350
186
353
443
243
22
607
541
724
373
316
439
594
387
860
232
533
84
691
492
125
281
547
788
239
765
875
621
354
489
334
601
139
377
559
588
382
571
807
81
657
90
35
389
760
312
739
187
73
395
463
673
411
854
869
275
921
222
613
913
859
204
343
557
176
830
166
18
752
407
926
169
20
912
968
216
76
596
185
427
707
342
749
715
933
521
365
256
289
214
37
98
265
359
310
789
471
839
962
802
520
527
842
986
428
2
122
953
212
990
793
702
363
996
483
415
863
330
82
548
518
922
146
438
462
12
758
50
744
210
400
441
532
7
118
999
288
626
566
388
161
333
920
206
279
881
136
576
782
163
810
417
888
309
72
341
779
399
731
591
115
946
36
433
337
515
215
361
897
408
741
870
819
472
445
323
639
726
70
992
536
132
563
154
331
620
797
319
413
285
484
85
683
526
934
712
479
257
96
155
866
535
305
53
45
162
780
102
561
808
327
65
352
245
116
640
770
93
383
981
421
393
592
831
261
939
905
151
792
478
67
556
816
910
326
198
575
444
665
589
119
219
367
565
552
237
974
87
638
977
340
954
78
28
919
550
624
452
827
818
944
856
858
108
435
199
150
543
748
149
538
553
172
771
329
71
369
99
318
525
583
236
39
650
817
882
600
746
284
794
727
250
1
584
828
655
196
651
437
599
255
371
811
242
847
88
994
100
844
899
713
104
845
508
109
814
723
615
416
117
795
524
667
473
364
832
623
799
201
855
460
725
268
306
837
38
985
678
826
537
729
936
841
681
637
68
767
809
562
627
645
325
924
414
202
299
272
786
392
567
179
33
381
545
929
893
311
283
864
804
915
997
461
141
143
629
503
247
960
806
777
686
641
260
48
226
425
228
865
101
56
663
456
928
31
406
66
322
254
685
597
718
500
450
252
791
504
63
397
69
83
695
229
420
887
631
872
539
320
357
128
517
259
129
634
628
982
430
197
892
754
292
495
240
160
834
183
424
961
171
203
507
829
903
680
923
440
820
138
711
649
931
821
8
849
987
648
348
698
442
684
464
578
706
177
455
54
617
947
192
59
938
175
736
286
555
217
189
885
803
824
523
465
998
57
94
867
402
790
301
835
494
317
876
551
952
516
434
692
470
170
234
86
92
569
263
113
660
950
560
514
89
315
372
904
757
422
916
980
812
457
975
168
401
753
158
755
474
619
74
635
653
26
213
19
79
778
269
144
62
595
5
224
762
630
708
127
404
271
380
378
798
696
370
412
34
972
801
891
447
241
332
253
336
458
351
297
431
91
436
570
419
313
800
133
894
164
180
768
273
690
16
220
153
761
895
453
646
647
603
44
266
581
940
27
211
194
846
732
379
25
687
519
112
941
730
258
267
328
282
774
574
15
449
890
745
346
468
925
951
909
178
705
679
861
278
714
107
764
103
983
773
616
174
233
418
423
80
701
582
675
24
498
209
965
11
9
884
896
549
969
459
949
