4761
2235
4045
2916
269
8065
7597
2685
1449
1550
4361
3457
964
7873
7948
3085
7472
7962
1729
4844
7
7439
6173
5958
4638
957
9852
6241
7227
9935
3160
4378
9549
4020
5233
556
8861
7221
6046
2142
1149
5674
7679
5399
1332
1839
8877
5655
5014
6130
281
7405
9112
6007
625
6104
5569
2089
1982
4765
374
6504
1560
7564
130
6200
7545
6870
5501
3651
9891
3124
2504
8451
8591
9207
8100
7452
372
3725
1791
2218
5775
137
6086
5859
2227
5475
5473
649
6569
8544
110
2764
8776
8234
4579
5435
1939
4829
9466
5969
7442
3813
5691
4713
880
1317
1141
2796
9380
5759
8197
3198
5712
3518
7040
3407
9378
6529
3182
187
3078
5823
8621
9721
3038
3325
6270
3112
6433
2247
7558
9266
6411
3344
8477
7131
5112
3363
3755
1742
7882
6580
5038
3351
7515
7968
4219
2915
6993
5370
1201
956
8365
5304
7428
4046
5380
3263
6638
8510
1183
7615
6099
1993
7456
2061
4625
4885
832
6584
1238
7297
9105
4154
1526
5234
592
2746
9426
8853
2499
1146
2571
2999
6637
7136
1967
7150
7723
4236
237
7059
2881
7829
4201
3562
2473
3773
2781
8007
3943
1008
1309
8439
4400
54
4355
9909
1767
8437
7441
8135
6783
9827
5495
1015
7998
2393
3469
9587
5253
842
9324
5256
8826
1480
1184
2852
8691
7447
2555
5607
4933
2387
5160
6887
9232
563
1630
335
5492
2049
2053
8158
8492
1663
7282
5693
4760
9452
5964
7279
9963
5076
2070
5866
4016
5390
6393
262
5516
8263
4640
1258
844
8334
2738
1453
8015
7583
9125
8943
5206
6620
2136
4759
5794
9557
6115
3669
2048
6302
8880
4726
6739
2046
7317
9495
6885
6212
7418
9388
9117
8292
6820
222
5824
8839
822
9086
4973
5086
2813
7940
950
5521
2892
6769
4991
4856
726
5868
2606
7690
7874
6987
5046
9318
5170
5839
2180
449
3271
9642
1436
2774
2557
5153
564
9184
6358
5962
958
567
7165
3615
5968
9017
5221
1455
6501
4737
6674
5296
8947
974
1591
132
5770
7018
9588
6339
4930
2045
170
3204
8163
8581
1724
7800
7896
1377
1443
9705
1697
5914
4531
7561
6084
4958
775
7685
610
8895
329
6478
4102
2826
5896
6891
7544
5760
414
1872
5540
7860
3451
4303
2208
6290
3003
8704
6229
2156
2877
5002
3771
5930
5566
4807
1107
6689
5577
8652
743
6424
8859
9197
5191
5286
6371
1430
4173
9541
4818
1243
9019
2858
4811
7375
3524
9153
5645
4158
4239
65
7733
1623
8467
6700
4984
4162
2600
5066
5185
3283
7259
5264
1917
171
2586
8702
9230
5743
9640
3557
9603
5010
8829
8370
4522
1010
5972
627
1287
9048
4575
6495
153
3681
1718
7440
1495
1778
4493
5126
9301
9602
6583
8018
1532
2843
5652
7837
2566
6750
3356
8220
5644
1032
8802
6265
8051
1699
6304
7668
4251
5921
2083
7994
4671
3599
4947
1810
5477
6001
8758
8879
9916
3452
7312
2082
1270
8103
4234
4261
6045
1852
5011
9071
8332
2630
8739
6414
2331
6962
1349
8
4752
6680
3612
9576
5272
1479
6158
8252
2724
782
5728
1393
573
8659
1094
9829
7590
6585
6061
1665
6117
4900
3944
7824
8122
2762
1385
5734
3108
909
725
8139
788
798
9836
6942
4141
5419
9468
4101
1240
9242
6332
7224
8378
7132
8799
2783
7037
428
3646
8906
3260
2123
8278
9281
3896
6330
5489
7731
6203
7928
4188
3293
173
7142
3357
7570
101
124
8264
6641
4974
2752
1850
3203
9748
6190
2740
2379
8300
2903
3375
3914
9152
895
5782
6846
1475
8057
4252
19
4700
1582
1153
7633
7083
8973
6995
5547
480
5067
3874
6370
6482
5404
7480
6389
2425
9238
6550
7941
6293
6094
7820
6164
9991
3566
9648
2206
3095
2086
1077
2421
3512
8448
2346
1212
8643
1338
8333
314
1418
2401
5237
3281
3435
9171
1738
2301
8049
994
5338
6192
5488
7330
1114
2056
6883
1931
5340
3146
1844
3430
2312
5573
2361
86
2375
9884
6822
6024
9215
6763
4739
4340
3850
5063
8858
3455
7285
4220
3880
5933
4786
4436
7420
1397
8338
1704
1423
1911
3068
8422
9826
8688
370
6357
5424
4419
6400
4328
7390
5829
152
3980
2016
5536
3998
6856
9893
4888
8174
3726
2605
2127
6565
8649
4304
5385
6505
2945
8037
3737
5844
5664
7208
3270
5094
3886
6506
2829
55
7888
8555
4757
308
3996
853
9857
9502
8149
9961
2320
4371
6367
1135
3340
651
5558
5183
430
8832
3982
5239
4012
3352
7832
1642
510
9581
8061
1112
8196
8753
7989
8625
8912
8191
9265
1464
1998
4034
9605
3039
5374
7760
5966
4780
7913
9333
7709
1693
8493
8305
1222
1463
751
7055
3507
5681
7970
6441
1297
5553
4294
2825
160
1268
1771
3077
575
91
9973
8417
4460
5959
131
9985
303
4211
8530
6499
3529
9859
1305
7111
1659
2078
5542
7818
7273
8737
4023
9482
8442
5134
9029
7267
7737
3920
886
6773
802
5396
2270
2019
3899
7423
6635
7323
6955
8141
7096
9043
9268
2150
3652
8641
266
4274
1066
4683
1241
9229
6788
4418
5307
2904
1508
8506
8358
8827
5041
4787
1969
8320
4058
9114
6661
3601
8907
4808
8660
352
8522
4468
1166
2431
8283
6911
6274
2708
1964
9300
8764
5805
9871
2651
2550
1761
5371
5579
4193
4171
6463
6180
3558
365
205
4853
3956
8650
6342
195
3639
3240
20
4678
9376
7145
7981
5498
5055
2864
7481
7155
3750
7039
4548
9875
4209
5438
395
543
2887
3677
2599
5162
7113
4345
3761
6880
2842
3871
1347
2364
4362
4207
9547
3510
3122
3942
3788
8200
3946
5732
5186
6420
3666
6480
9913
3568
3247
47
5742
7358
6080
1045
7332
1833
8313
9999
1664
4950
7397
464
1920
761
8008
8750
6857
8204
7436
5769
2310
3177
3262
3919
4527
2276
9824
3650
6542
2766
7408
467
983
9339
8397
6466
4728
910
3545
6221
1717
2917
198
5789
9795
4928
2172
976
9753
8870
3475
8515
4195
1253
710
1002
284
345
2831
8657
3502
1883
568
8824
3602
6761
3836
1787
8684
1277
3330
973
6863
2225
6354
8088
6513
5541
9968
729
8671
4277
4217
1676
4163
2013
1
4851
355
8484
749
5421
7931
7220
1933
5273
7534
8639
2715
9593
3134
3780
7314
1547
1069
9561
1846
9500
3794
9655
7748
3759
9775
6614
6848
3353
212
9273
7211
6673
3849
6359
2481
1340
2581
1949
2564
5504
9059
2525
6278
327
7600
695
8938
9931
9030
3053
8053
2031
1703
5873
2509
6398
3553
6111
8491
7897
4936
249
2623
4258
233
2233
1886
264
4879
3404
9948
2471
6652
6471
5787
7755
9024
4079
3217
536
4327
6360
6146
3009
1223
3148
7451
4100
8474
2278
1051
9508
3157
1764
4970
4090
9934
9484
4146
5198
4360
103
1063
7618
7506
4106
502
7677
5695
2952
3046
4955
9942
6801
4431
5147
4679
3930
6762
8440
8215
2782
3006
3444
7023
7698
7232
5845
1874
4042
3234
3840
6029
7711
8543
9953
322
5426
7353
9577
8086
4104
1946
7938
5833
7547
2100
5246
5857
959
8916
5173
8159
2193
9057
7786
5165
3223
2124
4989
7324
3295
9911
8399
3597
1230
913
7935
6338
2665
2077
5103
2132
5297
2593
5880
7527
6830
3230
4971
7500
4416
1442
4285
1186
5393
2610
4572
8891
6298
7296
4921
7764
5634
2437
5001
7333
2038
704
3141
915
9717
5472
3802
5781
7798
9684
1125
9906
5210
707
7300
6100
9636
9864
1406
4281
6041
3011
6051
6607
654
2329
3331
440
6540
407
9686
2802
8992
3856
9647
5893
4703
6930
6611
8356
2656
8361
7137
1056
13
2402
9980
2181
5828
8346
6163
836
4826
7153
2534
8678
4529
7612
969
7635
6718
2777
3619
3588
6003
5365
71
4168
2352
2754
2929
6567
561
9770
3898
2912
6919
469
8528
5056
527
7326
5619
9951
6013
8954
1484
6745
2880
9641
7666
1301
6329
6240
1620
1798
4637
6752
2223
4379
2514
1395
7936
3657
3471
690
3470
2120
9331
7691
8337
7141
6402
1421
4269
2168
9031
1977
3926
5069
6646
6457
1715
8249
2138
6073
16
8113
3135
4789
4022
5721
8516
4884
738
2497
1499
9532
4804
4352
5822
6077
9514
4437
3978
7029
3423
6135
3307
883
2662
7783
3019
8175
8825
8303
8640
5439
9013
3494
4003
9245
9091
4995
3285
7237
6647
333
8081
2021
9967
7706
2619
9520
2621
7341
5450
8979
5289
5077
4532
1441
6572
6062
928
7311
5864
41
6469
3316
2003
5482
9363
6594
8527
7949
2830
5287
940
5383
3278
1672
8738
2894
2388
9494
8917
8949
8036
3166
8473
5428
1683
1637
732
8351
6346
7121
5663
7102
4743
6685
6283
2627
7182
6244
3411
7095
4559
5965
6259
2613
1473
995
3928
6943
8632
9552
4758
68
1902
1233
5249
8929
4699
6691
2238
1322
3008
9160
8091
9848
7147
8843
9330
7687
62
9950
3359
7219
9064
3636
5320
3071
9575
342
9347
8771
1330
1086
8384
9145
5606
8664
498
1783
3758
1564
511
120
5527
8034
7026
6276
2332
3185
7514
5811
2922
2065
5709
6327
181
4533
4687
1498
2747
4425
3569
8403
8125
4338
2170
906
4831
9767
9203
2926
921
7201
119
7271
1536
6823
3459
6704
9381
4354
8227
9205
4297
7119
2907
2854
4620
9359
3377
2143
8226
4850
7629
1454
2735
3927
5596
2645
5948
1210
7069
8513
7858
8095
1127
310
8874
4044
6153
2792
7683
3990
8284
6022
3962
5970
7035
5116
9509
1016
8551
1431
1168
5555
8552
6810
1606
2080
1206
8560
2035
8783
6262
7151
2245
3713
6979
686
5803
5478
6167
8541
9556
1901
1602
8677
2027
1059
9264
1546
771
9107
3537
6102
8694
837
9147
7607
6009
2050
7291
8820
4397
9612
7753
291
3235
9873
9563
4557
7702
1927
2009
2934
4565
9586
6916
3740
993
667
4408
5935
7391
4552
4284
4650
5401
7870
2697
6219
1559
9398
2445
6454
2322
6098
2795
5830
6116
5166
6845
1978
5749
9600
6462
9714
5395
8939
5788
6147
3861
2964
2824
3445
3672
4711
5886
2938
8742
9573
6873
600
1593
5912
5244
1748
8919
4891
5061
7407
2409
7792
2085
6028
5535
6903
6208
213
2503
7103
4501
8571
7202
1617
189
4954
2198
3310
5156
3312
4707
5007
1625
5452
9047
645
7260
1649
1906
5468
239
5148
8315
6050
9553
6905
8823
2677
7988
841
209
7593
5429
3821
2060
4216
8667
9271
8697
8140
2289
5078
8968
1823
6811
9182
8926
2458
1877
8794
9235
3021
8000
1288
7807
7771
6216
2869
368
1706
9608
1278
6649
2678
9061
4111
6443
7768
4427
2700
1034
3380
2345
7842
5326
7508
2173
2921
8765
3305
8960
2273
1083
5786
4745
1759
5985
2184
2446
2927
8680
3101
693
2591
9835
8306
1650
2837
125
9613
3040
339
9364
5809
2930
1282
4064
1502
9890
3904
1250
2592
3193
121
2309
5563
5271
8148
780
3483
1890
2751
681
2853
604
6093
4763
2994
636
5416
4266
2944
5530
2536
3743
1033
8160
1082
4097
2342
495
3252
5485
8850
744
2561
3196
4951
5806
7432
7431
5974
9653
3862
5777
8931
6707
5662
5484
793
8363
6668
3954
4326
3573
4794
5869
5458
9471
1023
9291
1494
4897
4309
2465
7411
3367
4876
3127
1923
5757
3809
4832
2505
8785
2438
1235
1381
4375
3378
9924
3226
3546
2113
6374
3552
4685
3224
1755
8266
7641
4616
3219
3533
4402
9956
2587
1321
1088
4873
9957
4041
4673
5992
2703
746
2018
4372
6973
6965
9529
9087
7894
540
5403
6981
6442
5135
8915
4660
6671
9488
214
1567
3878
9921
6562
3156
6409
8364
9076
3000
7773
4384
5280
1984
2151
6865
7084
4777
7841
7376
9792
5347
8940
5590
2838
1777
1723
5567
2659
9745
7959
4291
5636
8369
7453
5097
115
5576
5298
868
1772
2736
6825
1246
5052
5931
1779
4115
2996
3499
5341
2660
8668
8841
4103
8124
9947
6044
9389
1832
7403
5088
17
8293
3979
4330
6388
4652
949
5785
7268
4862
4927
2818
7852
1325
1496
6108
4473
9022
3580
8024
1271
6702
8666
5373
5831
5593
4614
6014
9760
1629
6854
2811
9445
1539
847
628
3667
6032
4243
4604
9979
8936
8447
6908
8272
5778
2360
851
611
5000
5248
1938
3751
3248
1573
3543
3371
8167
2115
1813
3561
5189
3556
2911
2400
7749
1065
6253
9908
8844
8759
1555
8722
2212
2841
9555
680
2129
2452
3800
9667
6383
5665
962
4618
429
8531
5072
7496
1483
757
2893
2695
808
2729
1754
122
161
1940
7482
2277
5583
1634
3988
8622
4366
178
6223
8756
5591
5058
6432
3168
9277
5506
5336
5511
232
2374
544
4706
8287
4288
855
8023
3766
4736
813
3656
3050
6406
7787
6541
6071
3365
9543
1038
3967
5339
703
997
4733
147
1789
579
552
2888
874
9853
5255
8965
5152
9167
5574
1490
1895
5756
7838
1294
4197
6112
7670
9606
8245
7473
8416
3963
4238
5107
6749
9283
656
3319
2954
9758
2932
4641
908
2236
2983
7804
9962
638
7581
148
9337
2637
5808
5464
8233
3458
3642
938
1476
4631
3082
8538
3208
2507
1849
1451
8128
2933
5851
186
5301
1918
5739
5799
1565
4086
840
1085
1594
5631
419
8297
9269
7548
5462
7094
666
7360
4059
8655
2787
271
3765
6040
1682
5953
5654
4050
9122
422
8104
4517
5402
6936
3091
2287
508
3049
9006
1531
735
6847
2990
7286
9192
6740
1300
4949
1512
3383
7942
1273
1841
7910
5733
3605
8745
8130
4136
5493
3753
3492
6205
8502
3441
8558
4511
2925
6091
2683
2699
4099
1987
343
3115
829
8438
3586
2240
5994
5528
9665
714
3890
747
9905
1350
5431
517
2986
5022
9919
3147
6325
8412
479
3396
5236
457
5417
968
6721
9051
5814
6906
2616
2865
5443
5032
7916
7097
1871
1851
4751
145
507
4247
4305
8720
2318
9141
8868
9355
6588
9176
2756
5704
9060
5115
4232
4646
5057
7109
6231
8268
8331
7352
7365
779
2256
6996
6876
224
7517
7229
9181
7213
8717
1339
4369
3070
268
3857
4273
937
8170
7461
5288
5610
2386
1185
8029
9343
3799
9598
3747
2203
4353
3301
1907
4227
7328
9130
1487
6321
6518
285
9507
4684
7003
5384
2767
1402
8628
7240
6187
5461
2602
8464
4866
1435
6440
5997
5321
5679
3567
4519
1275
9569
4230
2807
9524
3536
2973
5129
8951
75
2423
383
8654
9193
4940
2482
7622
9538
1116
1995
1100
655
7194
4827
3323
8371
2846
7759
6217
7056
4596
1215
8972
4874
1231
6226
1367
6902
1867
4342
7357
7373
9560
9763
2765
5091
9922
8838
1725
9789
487
99
6970
8748
4578
3668
438
731
5846
2545
7862
7740
2636
6076
6933
4235
6026
1410
4175
4350
2185
9151
305
4259
593
5245
534
8629
3251
6687
1965
2692
8576
5158
1774
4181
9876
7565
9115
4697
1286
8093
8203
3051
3299
5692
4184
360
3565
5906
5456
174
9275
1805
7713
10
2192
2414
9901
9353
3401
1809
8066
5451
4613
3893
3143
7697
2242
35
5702
3776
6485
9288
605
8584
9800
253
118
7993
8804
3128
9010
1029
3514
1945
985
288
8165
9037
4925
9310
1922
5195
924
724
7416
9652
2283
5755
7090
9309
280
437
6232
3181
6010
9396
1988
2526
3349
7257
8040
2974
1376
5445
9955
8594
2126
1027
7443
2725
6621
3730
9304
3787
8676
8867
261
4520
462
1710
7415
5556
9858
3393
6728
5754
8254
4498
9428
6059
8991
9936
7172
4033
4483
8424
4066
9597
3971
2079
8529
4094
7550
4386
3604
0
7483
5745
4272
1289
9403
4916
4597
8465
8373
2241
9419
7700
9528
6391
5993
3195
4060
3279
550
3924
501
331
5531
6256
4037
7843
9162
7091
8922
9971
6958
4704
2643
7812
676
3358
5282
6781
8630
7604
7822
7830
1732
7518
1169
292
1924
5476
1690
7263
5218
9374
1491
8795
8376
1177
7944
2739
3379
5119
533
9323
5179
3029
369
9424
441
4186
7566
6535
861
9565
621
8092
6134
6174
7987
7196
8202
7867
3427
8980
6152
1092
1747
8999
2397
8698
8905
8729
4480
9189
2302
1812
6651
6813
6426
133
557
3107
3879
7371
8342
2798
5422
2362
1750
2969
6412
2450
3063
6925
3693
3782
1189
172
1684
1144
2183
7381
6186
2537
7363
5467
2422
388
8280
6070
4741
6782
6665
5227
1365
7359
580
2641
6334
5241
6284
8063
6860
7854
6312
9732
917
8111
9782
878
7872
1190
1247
9461
2521
2419
3608
7301
1427
2513
5194
5539
1358
888
2560
6404
6179
5797
932
3989
4594
8878
8774
2455
8377
8072
6677
7187
591
5983
9958
9385
5690
8863
2209
3627
2023
7028
8193
9253
1382
5016
8988
436
9887
3745
3613
6314
7891
3579
7471
1708
5342
4617
8468
5544
6731
259
7762
4773
3683
7782
6938
7555
6849
7658
4189
4477
6110
4267
1372
7535
660
2806
4854
6127
9124
7064
960
2570
1983
6835
9702
4680
701
8569
9432
9481
4881
6341
3067
2989
8270
3607
4447
1266
9762
3447
4317
7676
6079
526
8224
5300
3888
5560
8137
5767
4938
7579
263
9671
7178
1281
8150
3210
1519
3801
3280
9157
5026
643
3752
3138
2139
9562
8296
5479
4242
3001
2529
943
8990
6435
9070
8482
3284
3784
4308
5597
6862
2682
5093
3257
9680
769
6522
2568
9190
475
8523
6622
2477
755
8289
2879
4576
7354
8545
5774
5802
1511
8511
1019
3746
7793
4820
4630
7662
623
2034
9994
5225
9228
1601
7099
8301
4566
4555
5463
2942
9164
2107
1314
1447
1121
1274
5343
9394
4225
6618
4932
9742
2906
9261
9965
3254
8488
1775
7007
6591
4867
9746
5940
9809
9455
7648
2867
5995
6349
7448
4962
2215
2354
234
7484
9939
4945
1947
8153
2263
5867
3915
5761
5932
6140
8553
219
3480
2585
828
6784
7402
2769
1855
7637
814
3103
1815
5616
5904
8316
4246
5391
9258
8147
1733
2244
4017
3216
3762
8901
1702
885
9002
9801
4036
9470
9743
9335
5762
2260
3628
7958
742
8871
5929
2502
893
5682
4000
2604
9027
2541
8780
2251
7149
5348
919
9851
452
4719
4905
9362
4712
9512
7217
4915
7680
4657
9227
4271
5570
2313
1915
8857
1749
4076
990
1656
9487
4809
296
4893
6107
9719
7322
456
9332
1070
2772
3311
4696
7383
8157
7074
8379
2415
3368
3104
4038
767
1653
8683
529
6299
9681
9446
8211
9439
8389
9651
6994
3116
4981
1681
1465
9314
3374
8242
4868
1968
2878
7757
9208
2166
4381
7361
2197
2177
3519
9960
4334
1124
2466
1824
7244
1055
9972
3969
5332
763
7655
2548
8360
4178
5783
6712
168
1179
3238
3167
3189
6350
3276
2884
1419
4417
9869
366
8525
4410
6726
9850
4056
299
2385
3819
4586
4170
4521
6185
1857
3145
5418
8213
9650
6002
7573
881
966
7206
1073
3064
1096
6301
602
4212
6416
2026
9148
6227
3676
7210
9694
1248
37
9849
7047
5738
283
3228
911
3439
3010
7525
2965
8647
5109
5900
5979
4469
6760
7491
3121
5821
2689
8469
6295
6472
392
9678
6
2405
338
6998
2583
5816
2224
9476
8013
5890
8258
2690
5232
2658
7048
8390
6508
8996
1308
1500
423
4800
4665
3464
2788
8432
9038
3272
9195
8025
7738
1529
4049
1199
9682
4492
4812
3478
2359
258
2653
6575
82
3004
2890
5204
2054
1446
4918
1885
7228
4205
7299
873
9807
2457
6269
4283
3044
8612
9293
7493
5772
1152
466
900
1541
9278
1221
3500
2667
1996
9669
9941
3817
9496
9639
3155
4593
8026
5923
8768
8074
4442
9626
7559
4313
1035
5954
5554
3413
9209
9317
1058
8090
8430
3429
9992
7645
2096
8808
7295
6757
488
5650
7313
450
1157
2162
7098
7130
9328
1071
9959
9923
5322
6852
642
8699
4785
379
723
2657
633
6555
6405
8017
1445
1110
6074
4470
2266
4446
736
9946
4911
3045
8055
720
4491
9977
3670
9550
8116
5079
5262
5668
1941
3066
6744
8782
4584
8707
8106
1807
9786
7382
244
7006
7195
2563
4768
8517
1130
5643
3180
7245
7218
6460
2923
399
9589
46
9473
7075
1635
8115
9693
2701
9144
9779
7608
6940
7704
2112
8142
9944
9247
4287
7170
1053
7161
9156
7498
9437
8755
8411
4112
2899
9360
9390
7624
4074
2628
7366
9539
800
5350
5588
4018
8674
824
9080
6097
4504
5113
3020
9687
9357
5963
5376
9737
9505
5177
1147
870
8118
3493
3164
8217
9401
6287
6352
3015
2451
3243
951
2257
2936
7347
6910
6532
6952
5123
9511
8598
6626
3778
6271
8777
2905
4692
1966
2816
3057
6858
6343
3192
8872
689
7417
1450
7678
4731
5012
4872
4429
3246
2558
2748
1374
9020
2424
9802
620
1622
1552
7772
6868
482
696
9262
9136
1887
30
2316
3596
107
2575
1226
7526
1050
7154
5748
9174
1211
1361
3577
8235
7158
1202
864
6348
3649
4944
3699
231
2153
948
548
1457
1119
4161
846
9701
1279
7975
5611
2237
4835
7695
4926
2441
8404
5247
5585
1437
5294
5773
4556
4963
833
5981
5309
662
7459
3643
5876
3934
300
977
2726
7157
6182
8673
7754
3013
3675
6166
8508
4479
7863
6799
5145
3964
6004
196
9998
3054
6267
7204
8166
2020
2347
8421
804
5897
8058
5639
1822
3901
8888
8786
8006
9179
4793
6608
3201
4199
5670
9615
3592
3555
1785
5871
4836
4448
8587
6653
619
650
8762
3872
784
2531
6206
2635
3083
1527
4744
4167
2232
4454
4121
5651
4701
2097
5362
8958
4886
8324
7067
5849
6408
4870
2091
6789
4634
3986
1828
9645
2674
5344
5685
3826
7294
4113
4137
7802
5483
7606
6824
9287
8486
4439
8504
7730
904
8681
6437
587
7549
9312
149
8599
4055
7409
4801
4629
6977
1369
5017
9204
6867
4710
3525
6571
8661
5141
2015
929
8568
9175
2349
3450
4040
1224
7344
6997
3406
1840
8021
8741
6236
4245
1097
7586
5325
9658
5877
2
3205
4072
9458
8561
1572
8494
9546
884
2666
4769
2680
8487
6447
8690
6729
7719
6807
3622
7016
4484
8918
2984
8595
143
3314
3222
978
5673
3653
4507
8145
8894
1662
8648
2784
4194
2092
9081
1899
6866
1654
3775
8509
608
4512
6609
2007
9943
2087
3165
6465
1366
961
975
8518
9137
9896
765
1101
7287
2596
6736
3034
5208
8343
4883
5324
9724
9704
6560
4053
7101
1921
3315
4021
1290
3576
8499
2122
8357
5068
4063
3258
9637
8834
639
3991
3587
5454
5523
3433
2429
4295
3384
5092
3232
326
3268
201
4475
9165
4119
5333
8406
1528
4465
2819
3922
5872
4444
8842
783
7078
5720
9584
324
5037
4356
2535
5672
2305
7027
4166
1413
1165
5791
4349
247
1837
4376
1515
4542
6875
6960
1505
9350
8259
4198
4541
8472
4695
179
8521
7831
3339
1031
5735
2104
2300
3320
8043
5763
859
9302
7952
1959
6524
3412
4368
2679
3288
4582
5578
8212
5323
7434
123
549
8479
1342
4319
3313
1503
9295
1180
8391
4509
848
2098
7728
5891
8070
7799
8851
5354
1673
5084
3517
3106
6642
2646
5548
9282
3227
8452
1261
9558
942
7520
3640
229
6450
2595
6927
4823
5351
2010
2243
9110
1316
6950
7995
4026
8807
9214
5924
6645
6178
7836
577
2267
5375
4292
3995
3736
415
5358
8222
199
2474
9058
9730
8290
315
2857
225
5813
6260
926
5625
1994
9764
9703
8395
2669
3589
586
8041
5136
9212
1776
5080
7990
4132
5622
986
1044
5726
1028
1392
4466
5457
1026
3191
5820
8736
922
3388
8562
5408
8967
6735
6896
3153
468
5744
5587
3686
8713
3199
2490
9614
9159
3867
4904
318
9453
989
9559
6087
858
7650
3541
4025
6899
4528
6125
9366
3489
7664
8076
141
4299
3111
7707
9436
5507
7828
1299
2191
2334
7107
2004
2721
8955
825
3277
934
5947
7225
6935
15
7681
6053
5667
9769
8033
963
3635
5205
3572
2649
9126
1363
1444
2506
3274
394
8961
3094
8514
7262
304
5942
9379
6422
1254
1062
607
8298
3218
4693
3965
5406
3583
8431
494
5687
558
6766
4204
8062
9237
4996
539
4396
4960
1006
1265
597
1802
7308
4813
1120
7156
9161
8985
6162
2326
144
6224
4535
2196
694
7160
7198
8897
8108
2524
7715
1613
4882
8223
6617
5998
7536
3453
6157
3117
7032
6986
6213
102
2654
6758
3123
6705
2835
4825
9405
8243
2691
5543
9777
5615
7845
6982
1173
2389
9101
3718
3938
3028
663
4210
6101
235
9660
2744
3754
8497
1452
8039
9049
1981
3769
9456
6261
4946
375
4311
3940
7008
8172
4290
1687
5753
3716
1631
3027
6790
603
7169
1415
7589
894
5101
1744
8927
4075
4747
1752
6855
6681
1191
5299
4407
5746
9915
7781
2976
3322
7991
4143
8276
3436
7507
1826
6558
5083
1399
5999
6972
7859
4929
2603
7726
5021
3150
4988
9127
4633
3376
3595
5660
6085
2005
3149
2372
6714
1937
9940
7254
4819
9334
3002
7546
2975
5430
6151
5138
1084
6323
8663
3497
6776
6150
2856
2670
4792
1005
6515
7587
9129
1751
7060
3999
789
1207
7973
4606
6682
3188
1142
801
6959
9477
8169
4213
2201
1234
156
4898
8593
2272
4206
8986
7652
4357
3386
1953
6843
7036
6188
9469
2207
9818
6701
8855
5425
2528
9793
2102
6912
8974
8427
9111
9497
4518
3933
8701
3239
7146
9089
5137
6599
445
8380
4937
5444
7825
806
497
1897
8500
4420
9267
3550
4890
3705
815
3951
9749
9570
2068
9083
9062
9430
1644
474
1171
9042
2565
211
9040
1540
5062
991
6929
5065
2624
6378
7108
6893
5629
571
2475
8460
9077
4336
3805
5074
2076
9837
1283
1575
4449
8219
465
9676
114
9028
7171
4536
1140
1692
8910
6922
4738
9996
869
4909
2998
5628
5996
4770
4337
9790
7937
5142
8129
1438
6523
1095
3521
6656
9246
7969
2910
7817
6403
521
9591
572
786
9155
6439
6923
9806
7241
2456
2230
5407
687
3408
3633
3941
5863
631
7797
5128
9900
481
7688
7335
6793
4131
3081
8050
2688
8723
897
2343
3591
7827
6576
5919
2335
7594
5433
5044
496
8773
6853
6708
7530
7899
1957
3984
2204
688
8277
250
8354
5883
560
162
8408
1486
7934
652
1482
6953
9695
8770
5925
6027
5549
8892
740
4149
9103
7079
6255
3790
1327
142
302
7144
6578
5231
3844
2290
8381
7747
3631
4569
2937
8883
7640
4156
590
6898
9918
5259
4717
5098
750
2698
7805
7112
4754
7930
293
1986
5626
5509
2284
2704
5035
140
5517
2761
9285
2810
6999
3503
9780
5099
845
8255
9880
5182
7307
164
6222
210
9861
1324
4126
992
7433
2885
9874
4403
6530
2377
6747
8837
7967
8218
9386
8250
413
8805
8035
6038
3398
4852
2248
6612
3171
405
7613
6615
6366
7246
9571
9907
5694
9239
6800
4316
7486
3482
9633
8636
5784
5008
3473
2418
5031
1335
3600
444
2949
6730
9491
8151
752
6531
515
3306
3732
709
9154
3544
6455
2832
1014
1103
1497
5612
8546
8556
2420
4669
7372
8608
9478
4443
3734
9656
3582
3540
6859
1343
6937
6218
8265
2118
6690
8131
4222
3477
1716
9316
9595
8405
862
6785
100
7238
2252
8744
8011
1360
5486
7956
3887
7123
6103
7233
3211
4553
6821
6696
7106
93
9055
5003
7429
79
4903
3130
2671
2779
2750
6796
9226
53
14
275
5518
4526
5737
1514
4601
3387
1178
7539
81
9531
2791
2024
6060
1678
8375
8161
9910
8928
9475
7541
8304
8651
5436
8329
3812
5562
7002
1025
3889
5659
5394
7004
745
1145
6961
5529
6362
3804
9319
2454
9841
2522
6605
2088
8273
9183
5609
7620
4182
6816
4270
9373
2940
6717
207
7524
7050
312
559
979
9583
617
1370
2876
3838
3858
8866
2977
1011
1745
3663
7847
6538
6282
6975
5382
1780
4474
8875
2620
5319
1036
2896
8908
5826
7143
2485
7868
2067
7490
9722
4456
2390
899
9833
6802
5050
1571
9674
8475
8032
1661
7174
6280
3065
4986
2918
4709
1304
7370
9788
5669
9138
3620
2264
1714
9402
2786
8194
1944
902
8257
1319
5729
2286
3916
4130
3783
3016
8048
4908
5640
8325
1239
6507
9601
7621
9438
8800
325
4776
9617
278
2463
7947
1428
289
4265
8721
2071
8810
9734
5750
2668
9632
7316
2051
116
5878
1908
1118
477
4939
5392
1504
6556
6335
418
7684
9234
1903
9009
7350
1236
8446
9393
6057
8811
9707
4472
9902
1214
1208
2380
3953
5377
9199
9429
7049
1799
3462
9846
9306
8101
9554
4636
4843
4441
4735
632
410
3174
1668
5006
1408
9003
8948
277
1757
7511
321
8143
9611
9878
6775
8977
8719
7321
8012
8336
4359
5048
2217
2498
5936
5633
1079
6764
3486
4611
478
8619
1081
6658
2340
3973
9683
5013
1407
2584
6281
585
1072
3255
702
2108
9340
3089
5120
1766
9501
2435
8117
4409
3233
4998
1313
5311
3814
4192
3816
794
7509
5295
9044
9527
6331
5568
5678
7086
9201
3072
3630
8565
3673
3364
1174
6242
7877
6294
9744
6525
7068
7911
8260
8192
1368
3399
5956
7115
9492
4662
8806
5033
4153
3214
1679
8414
6397
7020
7077
8582
9224
1868
6394
5455
1405
4922
7348
9750
2510
4302
1935
2840
3236
7901
6990
648
1685
3997
3961
8913
80
5648
1558
2338
6177
9021
1976
2249
7532
5305
7720
104
4716
1280
1064
9045
8068
8178
5437
6081
3977
6595
9522
4987
8605
7140
2308
7521
1134
1245
4214
4721
3496
8602
8597
9113
8181
1003
18
7396
4877
8182
4581
9220
6634
1137
2449
6175
8726
4092
4489
8760
3851
9773
6064
5874
6546
1551
3253
3908
7038
2199
4081
6566
6559
7780
3397
5635
5836
5843
5122
1604
6497
7014
7718
1293
3265
5054
8675
7795
7342
6679
8669
4924
6678
9325
741
4177
3161
2131
6980
2579
3688
49
6136
2947
5028
7209
1563
1467
1098
8537
4339
7961
5810
9447
3833
2366
6019
8635
2870
3706
9014
5423
1521
9074
1022
8604
5352
5909
6344
6176
8984
245
1195
843
1018
9305
9158
4032
7869
3296
7046
6719
3976
3987
6113
112
5274
4399
5104
5840
6827
8221
1730
4857
458
5397
1384
6643
8642
7392
7421
8769
3825
341
9928
8566
2696
2160
5015
6351
7197
3548
7163
9121
6464
3641
8778
887
4084
3634
4691
8481
9778
882
2433
2882
1060
7746
295
4135
1075
6713
5004
2809
2542
854
9243
3341
9216
2351
7788
8526
8706
2383
8817
778
9320
1636
4450
4043
6137
8382
8441
6191
8480
8535
9259
5085
9233
5990
8520
7603
5180
1609
2304
1259
6154
730
5837
8409
3287
4289
5793
6586
9888
3637
2303
6431
9756
4869
8819
8206
4346
4667
177
8540
2075
1638
6964
7893
451
117
7264
1478
3443
9194
5614
1424
9012
8588
2821
9188
5551
5047
5899
9023
705
4078
9862
6429
7031
7129
6874
9797
596
256
8709
9856
240
2047
5238
5197
6879
8251
9100
446
1652
4268
7315
6989
9832
867
1804
6539
9307
3993
6238
1510
493
8898
2650
2406
8539
2062
9664
354
7057
8179
6598
4524
1746
5432
9218
3606
7450
6794
3684
7188
4114
9677
6309
7575
3823
1737
3530
8261
7971
6473
1879
2716
5858
5920
6666
3152
6533
8476
346
8614
4013
1997
5125
158
9217
9519
2307
6839
1806
5894
9053
7044
3532
1535
2103
7834
716
64
6248
9995
5169
756
7159
2357
5937
9525
2743
7848
1943
9150
7933
3026
7890
3074
4224
1203
4720
2757
5448
7631
1204
7065
9348
9397
6772
6039
685
5487
9579
3088
4367
6692
8728
2250
2549
2797
7235
3909
9039
8983
1876
220
5242
251
9395
4568
4488
3664
8347
4109
7642
4301
3463
9272
3212
9191
5698
4148
4510
3012
5700
8322
9106
7009
9564
1030
1942
8930
135
323
9211
8433
4110
439
6791
1741
9765
7444
9706
748
1756
6015
7984
2970
9503
1417
7756
9898
7654
3504
2997
4917
5266
6864
9068
6812
7062
1932
3362
5111
3757
1861
4848
1545
4672
8784
6732
3061
7266
4001
6421
6751
2231
7223
4054
4690
6797
7943
5009
8146
59
6474
8396
9755
3717
3918
3554
1816
3382
1586
7126
1674
4846
9521
6106
8767
3056
8981
6430
8291
4783
9001
393
7414
4144
635
3549
1884
2114
6161
9066
9534
317
7010
9672
6201
3431
8975
2222
7722
9298
6779
7599
6881
6871
8173
7362
3361
6509
8075
4642
8123
4902
3560
95
9441
8557
432
5715
2171
3448
816
8082
946
898
863
6316
1400
9781
6892
9526
461
576
2148
1337
2955
4107
9990
5515
4798
9483
4202
7351
6619
4639
6568
216
7318
56
9855
7980
8953
301
2500
4365
6664
3777
9088
2350
4985
7974
3350
2032
791
588
8461
2258
9799
4164
6738
8418
7736
4983
367
2580
4934
9716
4564
2255
3824
4223
3511
3245
2319
7571
7815
8098
4778
1341
8045
6209
3338
4134
3864
5199
4547
8618
3120
5604
6392
7468
7574
2902
6305
1530
4828
6655
9485
8813
6631
2576
1466
6386
8401
984
6969
5581
2382
9735
8189
3655
4118
4686
5647
504
7803
2590
4647
2638
8921
4558
3346
5184
215
8836
7808
7128
5257
719
2844
7627
265
5941
805
8327
5240
7741
718
6119
2608
9221
8119
4129
5537
1587
7117
522
9506
7042
3616
772
1588
1160
2358
935
7167
4358
9945
9132
3929
9169
7338
1344
6126
4622
1590
2081
9572
9178
3905
3526
8570
4140
3832
2722
7582
23
999
5960
309
1596
5270
391
6561
945
9733
7826
3446
595
8532
5466
3137
5532
5911
9225
9015
8743
1646
5671
1383
7643
25
678
5192
4471
1048
3505
8656
1760
3335
4966
9274
1739
4314
4478
227
1132
8388
2037
6456
8580
3698
6831
4433
2179
901
3539
4009
7892
1197
7531
971
1021
6266
7665
8791
8714
7033
6092
5023
5758
5950
5434
7886
3465
6052
6489
7346
7256
6477
32
8326
5915
409
5250
6521
4244
9649
9134
671
8010
4363
3828
9754
9173
2941
4567
6170
2147
7578
2368
6884
2793
6600
9365
9920
3282
3522
5420
1509
2084
8489
2119
2693
5268
1875
2601
9834
1962
2775
9097
4943
2410
2567
954
311
7475
7849
1753
9625
9219
9596
3966
7810
2165
1269
3290
5337
3985
5335
2125
7430
1827
2551
8645
1896
5215
6945
7790
3972
1042
4935
5155
9938
8994
9196
3187
6670
4240
3420
6254
5369
6384
4388
803
9585
1797
6695
2467
1115
1740
4920
6786
9713
4415
4406
8168
6141
2544
8617
8454
6380
4817
1439
6025
7243
3140
1312
190
4333
2895
8963
1698
4681
6553
5217
2219
1792
9978
4080
1975
839
7560
4105
9032
4116
7191
2808
8809
7540
781
7476
3328
8393
2105
184
5582
1371
2101
2672
7250
8176
5442
6193
2675
9140
8609
5497
1138
4077
1298
5641
520
1354
5601
2588
5771
5779
4073
5293
5984
4598
4347
6016
553
821
2625
838
50
7632
872
8134
4377
9200
6142
4977
51
9838
5279
6774
8788
5855
7951
3309
4382
9025
981
1154
2723
3883
5359
2017
6476
7784
7176
7082
4965
4387
2760
92
1220
6548
2556
9712
5967
7576
4254
6604
96
2355
6991
9899
6088
903
9177
8781
4057
4155
2827
8187
6520
9336
7242
9886
344
7785
1701
9290
2935
5978
6663
8138
6449
1318
2776
6928
8718
3931
3772
2176
8761
2801
5526
2532
7646
7192
6543
7801
3623
7966
1481
1537
4233
6716
4849
6676
6985
9423
8394
2780
2033
3099
9574
3547
2391
4264
3724
8386
7424
459
5096
3756
4048
9255
6069
5945
7617
9210
1043
7588
4481
8341
9812
6570
2186
9109
2239
7917
9881
4648
1404
7649
1694
5901
2995
7100
4
5284
3696
699
1548
1970
717
1627
9863
9952
8400
5701
6453
7302
7234
1870
7924
594
2325
6832
2211
7105
4482
5108
3172
7395
7647
2642
1074
4228
2993
337
1881
5087
5176
5661
2629
5040
8387
9566
2469
8586
5736
8740
5209
3438
4165
4674
4590
827
1580
1181
8067
4842
8188
1639
182
2472
3133
3102
9895
1836
2146
2274
7355
241
4151
776
9768
2909
3513
7327
3829
2282
1251
9794
8903
4621
1306
1001
3417
5388
6037
4698
5885
1928
9354
7284
78
4978
6369
9449
3810
2330
2611
2480
831
7127
3906
6468
1133
8285
4348
1106
9284
175
9954
5224
5051
3994
2268
6596
9903
6684
6078
6792
351
8099
1543
8503
1009
4487
6333
5500
1960
734
9709
5977
2771
4824
7125
8097
4256
1105
9329
2516
6803
8646
6307
8155
9776
2539
598
9149
5453
9422
6755
3036
7061
2778
9133
2886
4910
8094
9975
9710
5163
5105
8603
5505
8583
3421
5580
5800
2891
3474
8498
713
2042
5545
3917
8084
4293
8288
5449
9180
3895
6743
5711
9808
4203
5222
1336
5168
4957
6768
2462
8353
6418
1866
4718
6841
3437
7148
9442
1863
3853
6021
6777
4722
8330
2501
1726
3837
7339
8083
9414
6837
1736
113
4887
728
9250
6470
9078
4863
6992
5389
1052
9697
6008
6778
83
9830
6390
2572
3818
4821
3981
3080
7523
4775
4948
6844
5143
9622
1129
2681
3048
8352
7053
4329
3678
8579
770
1007
7923
7467
3885
2663
8937
5713
2175
9139
8020
3516
809
313
6199
9699
491
2758
4666
2292
2755
6072
7725
2491
4689
807
5172
1786
6941
8710
3025
4677
2411
4463
6623
1323
8027
3434
306
7343
7661
5127
3372
1263
1170
1151
52
6196
1999
6882
424
2577
5847
4028
5680
2508
136
5167
226
7729
2039
7030
2919
4128
3884
2378
8077
8344
5409
2163
470
2673
3571
108
1252
871
1232
9510
7261
5005
3869
1440
3722
8596
4830
2546
3005
4554
7404
3154
6289
2920
8956
1814
1773
3590
7298
8171
4513
1167
1429
630
5220
2000
4071
3294
2059
7857
6966
1640
9515
4802
34
2554
8724
6894
1326
6235
9631
2022
4260
9590
298
4649
9296
7085
3830
3485
5159
9033
5243
9867
792
669
6946
5594
3355
6337
2306
4280
7816
3760
8610
9240
8623
6754
5725
9917
9421
3748
6451
1788
998
6767
6589
4591
2714
8512
1468
8398
6720
6444
1216
4892
8349
7692
9692
3442
3286
6252
2178
455
1218
9249
6748
4694
358
4335
139
5151
8359
5819
3822
9805
3842
7334
381
3882
4732
404
9411
476
2008
5502
3336
9085
3834
547
9392
7763
6534
9358
127
40
1578
7173
7671
528
5089
6733
4485
6363
406
2875
3132
1763
3501
6956
1990
7585
2296
5598
7682
3506
3866
8693
6245
6675
8102
4592
2285
7437
4147
9627
3403
7071
2866
8054
9420
492
5621
1329
6042
8366
6503
4248
6795
3100
4185
45
8314
1200
8044
953
7529
362
2753
3892
8852
5470
4098
4969
6756
5252
4791
5034
9630
1597
2006
6035
9930
2395
2161
4401
9504
3073
9341
6273
7775
9444
7853
4159
4263
2460
248
5117
2288
7769
5928
1888
5073
3014
4961
5064
947
5895
4814
7939
7255
9666
7630
2684
6834
378
1979
3687
6564
401
8578
4391
3415
5961
7522
5798
9657
8885
6324
9822
5812
516
6082
7013
6018
4560
700
3983
4540
721
3007
5718
9964
7426
6268
1489
5030
5269
5414
7110
243
8572
67
2851
6345
9451
537
377
8042
1858
5546
8085
2812
9821
5881
6926
3854
6809
1459
2426
706
1229
4889
4008
3076
5261
2960
7996
8505
3400
9322
490
8383
7743
6160
5852
6264
5856
6660
297
9252
931
933
9798
6220
8362
664
6320
912
472
3852
9035
5202
3023
8052
4011
7696
9925
4562
9005
1758
5415
7455
3629
4438
7331
2712
9828
3419
5768
1784
9624
8216
5211
260
2407
2785
609
2868
9450
3275
2889
5724
7306
4585
754
2216
4746
2149
6897
1162
1488
8904
2734
1516
6606
6328
6715
6300
6479
3209
3808
7349
5987
1914
877
1477
9736
6132
5480
2950
2732
8392
2569
8923
4931
3498
3144
8269
7714
1017
8896
2742
6667
3125
1416
3190
2403
5832
8162
541
4999
5602
5363
6633
4087
6122
1595
8695
1187
2447
3845
7905
1411
7292
373
9616
4651
7954
2687
4467
7138
1889
7269
1472
3264
9820
8294
8428
1213
3710
9685
4653
8672
6436
5029
8340
6706
8882
5916
5
5658
9026
3024
7116
2859
8286
9815
6445
5187
9877
5331
3037
6347
6711
6313
8941
5164
7278
5572
9784
996
1686
9974
5697
8634
2341
5114
8801
6251
9937
1869
6376
7378
525
7835
6292
3079
6511
8575
3907
2863
8934
944
5708
7502
5190
4091
316
637
84
2686
1155
4061
8998
1257
4278
3261
9280
8787
6353
4412
8952
3491
9845
1533
5469
5366
3594
8731
7340
3795
2533
5717
27
8889
4515
5902
5889
3786
4561
4748
1311
4122
6415
6168
138
2913
6914
6172
6385
8899
8236
1614
4972
8779
518
3690
7732
3621
2110
3936
3733
1829
155
66
857
3792
2281
6189
8685
2381
2213
1122
2280
6648
9987
7272
1000
5730
9018
5230
2874
5121
7054
1834
4191
1158
5317
1667
8577
3163
3960
2011
8434
5306
2116
1462
2012
4275
349
657
1196
762
6068
7616
3481
3302
3975
4453
6434
6519
715
2633
3515
8725
9361
9123
385
22
7884
3162
7015
159
5315
538
6030
2607
2140
2733
8734
1296
1227
1501
9008
6364
3043
5491
5765
7309
7253
3610
3617
2182
9163
4538
8450
3691
2202
6197
6375
2640
1091
1398
4318
7470
9567
1004
4331
2265
7022
8752
2794
3416
3900
5235
1256
1255
9311
5723
4169
6423
6694
8311
1163
7277
3333
4858
5025
3709
4253
6549
8708
5646
8830
4822
8079
8105
6901
1556
2392
7557
2001
8715
9289
8732
5862
5355
294
2850
6517
774
6131
2041
4659
5534
6587
9700
3870
7602
5943
3392
7337
5841
2137
9351
9034
7000
6133
1854
2254
8700
4841
9440
9619
8436
9198
176
8893
4174
892
6770
6118
6410
3269
8060
4656
4705
1346
9094
9433
8890
1992
9391
4343
3030
9904
3625
3109
2111
2220
1956
3345
8798
5328
647
2128
4196
972
1645
7551
866
7979
6058
2626
773
1328
1148
2470
9187
4661
1310
2492
907
7957
512
7406
9816
1357
7745
7388
7124
4941
2367
4494
9599
6636
4810
712
6613
36
4534
8900
7577
9168
203
3897
8658
1518
3342
6149
8746
5740
5285
7180
4157
4602
3394
7659
6467
5059
6978
4047
5312
1291
3381
1394
4300
6836
5519
3058
4065
8413
6355
9499
6257
6361
2339
3129
5229
3178
1691
5657
7400
1538
2512
6303
9819
9073
1054
5917
1796
3692
5364
4901
9592
7384
4834
1882
2174
2155
9537
70
282
499
5193
7043
8453
7932
8957
9370
1862
8241
3714
5559
5207
1113
9803
5980
8267
146
1893
9313
2790
6249
8818
6291
8462
2279
4588
4514
8946
9493
9752
790
8945
1356
8793
9897
9
1626
1765
3428
2615
8318
5387
9172
435
1963
5357
7070
340
2648
2479
5171
157
8757
6233
3902
5766
3952
1762
6948
2275
4982
4805
7653
7986
2394
1657
7596
361
2647
43
77
4282
6419
3410
670
7288
5850
6688
9817
1276
3697
7851
2133
7779
347
3113
4895
8087
8307
8653
8637
850
4742
4374
8002
9536
3626
5278
3735
1651
5360
7041
330
6496
6425
2311
5510
1955
9041
9984
6815
1831
6650
6322
6563
3614
1209
4838
6869
6915
6194
1414
1090
5481
8127
9860
5600
228
3250
348
8964
1980
7011
9067
191
4571
8132
7017
6310
2664
7236
6662
2229
4655
3490
7965
6124
7821
7214
2299
7025
4871
4968
7193
9498
2408
2486
1570
646
5603
4298
3793
2573
1049
9425
8059
9739
3873
5882
6932
7823
1584
1878
6083
3337
2957
819
4772
1351
8299
2478
8435
9413
2167
1817
7819
2713
1830
5561
7304
98
2221
2476
8542
7387
6686
4623
6629
7791
9248
890
270
9098
6949
9404
3811
1909
9643
3326
9523
4187
7258
4545
8914
6944
2200
1345
8950
7058
412
4993
9582
3321
85
9063
4390
2493
5082
7087
3289
4914
3487
7135
42
5838
1611
3207
8056
5741
9969
708
4499
1794
8312
3875
9383
8814
9981
6537
4624
4423
1842
6818
2344
2317
6488
524
9135
8616
4992
5039
4411
1172
9804
403
7543
3047
9983
8470
7742
939
9467
2847
1592
8712
8136
218
5313
4004
9544
4782
4563
7765
7626
5303
9321
2468
2972
9530
9634
185
320
9327
5533
2718
7865
3682
1618
2058
7660
6951
8121
8501
1506
1359
9933
2328
8457
679
5834
2943
9206
7889
8419
7034
8703
7727
6582
3520
8689
6819
7538
7073
1707
8933
8772
7985
5496
4942
7398
4609
7813
7533
9118
9464
7663
3912
7462
7422
1820
2121
3327
4658
2002
2538
1599
4997
4725
8969
3644
6737
3292
9673
1577
90
6365
7976
3202
8229
7184
4035
3059
6907
287
2848
2323
7752
3791
6528
3186
8022
4428
202
5790
6924
4152
987
4530
5952
6034
2530
7215
7231
4840
4014
6669
3273
7168
766
5460
8989
2226
7412
7510
6974
1720
6632
1471
4675
8754
6012
9294
8190
6697
3749
8485
5139
2961
4332
9434
7474
9102
8876
4755
9146
7199
1561
7553
4771
252
7513
3798
8319
3215
3159
7639
3796
4351
6699
674
9690
9568
7024
7051
2057
3139
3835
4276
9416
5178
4445
3939
12
3200
3405
134
7883
3868
3105
4845
28
5689
5446
9315
5818
6139
4306
2805
4145
6159
3701
350
8038
9551
4226
1039
5613
4315
111
1517
4432
6909
4434
4341
9372
5617
5705
8184
3329
2705
2444
8692
9415
1102
1159
4788
3970
7997
6746
7919
8797
3575
7739
2315
8886
9120
3334
4370
5471
5372
8110
364
2710
3660
2845
7185
7908
9774
6204
9480
8686
4753
453
9663
255
4395
3855
279
6913
7855
9375
1948
1422
6368
1612
1192
4392
3093
6741
9661
5512
8696
7628
1244
267
8585
5381
5157
2363
7811
7929
6512
4380
382
9299
5308
3741
7120
8164
8815
3194
1348
7293
7982
9844
3092
8606
5949
7425
9263
2836
7556
1522
3570
7512
7080
7914
1926
1237
7953
1800
9866
6382
6005
5879
7903
4861
683
9170
8458
3992
7871
8328
7926
8367
7554
1910
618
3921
7796
6808
5219
905
1680
3827
5413
1581
3534
1352
5565
4756
3531
1950
5346
5586
8792
9628
2956
2430
4120
8670
8471
5144
4619
7669
2834
9607
9772
4262
7492
4750
9610
8749
1898
1843
6296
8256
2861
1513
7463
2253
6833
1262
2897
3086
1713
9892
2371
2709
473
1719
2073
6031
760
3694
4019
485
8962
2159
4451
5181
1985
1080
1821
8959
3266
4495
4803
8410
852
4580
5676
6872
675
6804
1700
3574
8620
9843
1387
1228
2872
530
433
4257
9885
3865
9870
6138
6516
6272
5161
9090
4250
3674
1669
1811
8856
9731
5714
1544
1150
6250
2828
2737
421
2978
1156
8463
9629
4796
9344
7537
5938
2416
4497
4005
8246
532
6842
9623
7572
2106
2639
2707
4508
6089
5722
6372
2598
9708
2072
5447
7712
9659
3948
8971
665
6063
8109
6498
2614
5110
8323
5976
2187
8490
7703
4010
6889
2353
7487
9435
551
6851
8524
629
8310
8633
7960
3767
8626
1456
4127
489
6000
4729
7435
970
9104
4923
1469
447
4160
7494
787
1919
8909
1391
3249
6396
8789
7226
1117
4393
5861
5118
727
796
4138
7876
4784
1576
7864
6557
3609
1432
9119
8860
7667
3110
8496
8372
4628
4912
33
6319
9465
7999
1182
9517
7122
8321
3913
6798
3461
8205
7638
9711
7710
811
923
3598
3303
4976
8662
1378
8228
7239
1677
1856
4088
2520
5752
2763
8848
1292
9345
8845
545
6724
6683
8644
3414
925
5710
6838
4543
6526
8864
2333
1260
6579
988
2543
5514
180
8987
1818
1929
3689
1078
7281
3158
4670
9399
8873
5684
3659
7230
1087
9276
1458
1434
2992
7052
6826
8199
2634
967
9679
5149
31
3075
8456
1951
1675
6805
1838
484
4172
3035
94
6128
834
2327
7689
9072
1485
7717
276
503
759
6129
3484
2461
3937
9462
7598
9513
1093
9865
768
2928
129
3183
2099
3033
4413
6918
8126
6275
4364
5216
3551
6056
1520
5922
6308
2720
6850
7766
5927
6725
4702
2745
8932
9879
1161
9016
5550
6861
5228
9096
8466
2321
5411
6143
6043
5780
5474
2815
6601
8180
3508
1728
109
63
4570
7477
1607
2991
380
2982
2574
3711
2939
3432
3648
8589
1403
8239
3925
615
2958
7614
5887
3131
236
3955
7133
7134
286
4682
5908
2727
2552
1608
3632
4231
2963
9054
1420
2515
3863
1696
6210
2527
363
4051
1643
1390
3593
5632
4307
9410
4583
5571
9668
8309
9367
9912
5427
7866
8574
1303
3032
8567
4458
5290
6771
8031
6904
5349
6502
9308
9065
1109
2130
6317
8766
9474
7887
5683
5036
8240
8231
9929
7964
4774
3084
5140
5102
4612
24
6234
38
6544
7485
2052
3523
3179
6214
7907
673
3671
9254
758
390
8423
9618
9241
500
9202
4108
7634
2109
562
2369
2365
3022
7840
1605
777
6727
601
8348
1952
7377
6120
914
6258
589
4539
9382
640
6939
4577
7200
3945
4589
8716
9069
4029
8816
599
8925
8279
1534
8444
3395
6181
6954
371
7393
2702
7368
6806
9787
8624
3739
3126
4208
698
7504
1426
9662
5642
6693
5860
9759
6814
3624
5275
6483
3119
7488
387
8186
9675
2442
6225
1104
2269
5398
6215
8733
8114
89
48
4894
2931
3096
7673
1655
6285
8248
2043
2214
6066
2496
2822
193
2489
9811
7906
7881
4123
4486
3136
416
8554
9604
3638
7694
2578
5283
4237
3300
9251
6114
1089
2631
1616
8154
6967
3472
3712
6381
9761
9791
1355
4039
8445
7454
5835
5910
9387
6373
9986
7104
3564
2337
7045
519
8775
328
3894
221
2404
398
891
1695
2519
4550
7303
1934
6976
5327
4323
531
8152
151
4749
1041
4859
192
334
823
5703
3495
5853
5400
7856
9417
2434
6239
8483
7611
1864
566
7686
9696
4452
4627
6297
8682
8455
668
3581
4133
6247
3843
61
7528
3476
5212
7399
7446
6311
3097
6399
4603
7898
2398
612
4610
2190
7946
2095
7902
4952
2728
7181
2417
1126
6493
8208
8335
3409
1795
4608
9783
7850
7247
1067
3402
1709
5807
5764
8368
1619
1569
6934
8911
3098
8590
3820
5267
6237
8613
4031
3426
1242
4082
5265
513
1333
2582
3
3304
6243
7724
1579
6109
6144
2029
1264
3847
3369
397
5944
3611
614
6917
3425
9108
1139
1111
5213
3848
3291
4953
7806
1860
9412
2396
5027
5599
486
2293
4643
9222
4006
3449
7875
9371
965
6722
2117
3440
3727
6067
7983
6698
1076
3466
3052
6123
1470
3891
8195
1574
9143
4839
1425
2717
5595
2759
4574
7177
3535
3789
9516
7978
408
4286
4523
9128
1272
4654
2609
9384
5552
2559
4878
4007
570
1557
6169
9740
7605
2055
8559
7275
5310
4030
5934
2900
2823
3768
697
7469
5796
4125
6490
2093
1401
7672
6230
6592
5792
1123
1727
5368
4183
6484
6610
582
3454
2855
509
6603
1712
722
2814
1825
8631
7093
7751
918
799
4394
876
3742
8238
7750
8495
879
8976
3703
2427
2439
2145
865
223
1803
4373
7861
2971
9840
5719
4200
8232
5356
7190
8665
4344
584
3647
2655
3479
2169
1012
7458
8920
6148
5175
711
9338
4404
624
7774
208
7878
9542
2953
7744
6438
2348
7675
8796
6931
1734
3763
7394
1175
2141
1847
9036
4321
1958
4385
4095
2014
6644
9747
4083
9303
1542
8225
6921
420
6183
2948
5865
4964
7519
8009
653
3360
4421
6279
3881
1641
4766
6742
9883
8350
5913
1916
3807
1396
1768
1037
8638
810
9723
3645
2730
7270
7846
1320
8995
88
7814
3418
5575
1912
7912
7419
7212
6090
3389
8615
2803
5686
5971
9785
1790
8978
4229
2210
2652
927
2883
7734
163
5608
6527
1848
1971
7325
273
6165
5100
5133
8230
916
6984
8831
2731
7776
1525
4855
4635
555
1057
5024
3175
2064
2632
6407
3695
3184
1689
4551
1721
7374
5989
6428
6246
6500
9356
4424
7501
2618
4070
1583
1412
5875
5776
3142
3422
5196
1589
6536
2804
1046
6573
2987
204
5043
8064
3662
4241
21
1523
4979
8730
3456
272
9463
554
578
427
9131
7833
7427
7595
2694
2495
3877
8112
4500
4587
8078
7367
7251
4833
5520
417
8262
9970
7005
5716
1013
818
9689
6198
1267
8763
659
856
3042
5842
425
5345
5975
8080
1769
2157
574
3370
4440
8073
2622
9231
8833
9548
9688
1284
4062
7021
9093
2946
7651
6395
6590
5106
1925
5226
4067
4505
26
7066
3206
1954
2294
1880
376
5884
3720
5188
2135
3764
2540
9349
4068
2246
217
4799
6487
6427
2291
5090
9000
7716
3308
2968
7356
3708
8144
2440
1566
2800
5494
8282
4764
830
230
1743
9638
8459
1331
2873
4002
5707
384
9927
2158
5200
5955
6888
930
5854
1688
4837
8339
3719
402
3876
952
6340
448
7904
8592
4544
8425
4815
1020
5804
3959
9751
2459
7761
3256
6417
3679
795
5624
6895
8865
3700
1610
6765
6574
8120
7175
8548
4790
9407
4015
8563
9084
7081
9766
5538
6413
6624
6494
2594
9727
2898
2373
9982
2399
2436
4506
6452
739
8247
3424
8019
6326
9670
8420
9691
3797
4967
7380
691
1972
7610
9459
8210
1735
6315
8564
2547
3923
1808
1666
8547
7909
4664
6047
2412
6625
2384
72
1380
257
8449
1099
5747
1705
1865
3317
7992
9099
353
7207
359
8016
3297
5132
9926
955
39
3509
1353
2090
3839
1285
6491
4615
5150
1307
9578
411
1068
2770
7001
8281
4990
7563
8507
9966
7879
5130
7880
3114
6006
5731
8869
5075
7076
7186
2262
7809
7895
1474
8735
7636
6753
3069
2981
5131
7012
2324
684
6459
4398
5203
2494
3348
5316
9223
5441
5277
7625
7693
3968
1362
1553
7179
5699
4632
2768
6639
4595
7280
2259
3910
7445
9932
6817
7920
5081
8237
5677
3704
1801
8970
692
5898
9260
9718
9823
7623
126
7945
57
8840
4573
4215
3241
4459
2597
8345
3738
4052
6828
5508
6277
8003
5605
9842
106
6734
9825
9092
3391
8884
9738
5459
9292
460
5361
2962
4605
5727
4546
3685
128
9460
2773
9479
3585
2789
8253
3729
4190
7019
1315
5260
8849
1647
5379
5490
431
3213
6593
2443
6458
8862
1905
1507
9854
3974
2428
4516
2553
1621
1711
506
3859
7580
3118
7955
3017
5973
6723
1648
4906
9472
9814
8812
9741
5653
8846
6184
644
2295
8028
5825
2195
9729
6145
5254
9914
5302
442
3831
2676
6703
5045
7410
6055
2799
9518
8854
5848
3957
9997
6288
8478
2030
6481
4896
7092
169
5060
5986
6475
7464
7705
4139
8001
8751
4762
4626
9256
6759
634
1731
1302
2370
6597
9418
206
8047
5281
849
7072
9050
8096
434
6709
6211
523
7767
9654
3231
2487
4779
9457
2711
8201
8822
1249
2871
5251
7592
6228
97
2432
1461
7778
1040
1722
2448
5042
2511
1633
9646
7567
9988
7329
9079
7657
9698
6065
8030
7619
1562
5706
6492
785
7466
1624
7216
4688
7139
4503
3803
9095
936
5951
9635
8828
8887
389
7166
7189
1632
542
7114
6286
3618
5405
6207
4975
1198
1205
3744
8727
8274
4734
5988
9580
3563
2164
5522
4069
4956
8607
7609
9894
6401
8207
4600
3018
4781
3390
1128
3658
4913
7963
5675
9757
4024
6659
4150
6033
7644
3846
167
6900
9185
2228
3244
2484
8308
9056
1873
188
641
5070
2464
9796
3373
3860
2518
6446
4860
9545
9369
3584
9989
3654
7584
6017
183
4310
1143
3460
5410
396
5592
1660
7735
6105
4324
1493
4461
4218
5440
5174
7591
8679
9286
4875
3062
2839
569
9346
9715
7721
7389
1603
2924
6263
2523
9620
4899
2453
6551
6968
4430
616
197
76
6957
356
8183
9409
8573
5020
581
7460
1364
1991
254
5991
7289
5049
889
4724
4476
6630
820
2094
9279
4490
4296
5503
4663
6054
8966
2979
3538
3958
8533
8902
5888
7701
6048
5649
4096
1409
6983
5314
3950
7118
4730
3087
5688
3467
2719
3935
8355
3665
9166
4179
8271
3603
4525
3332
9594
8944
8004
1894
3815
9448
535
4708
817
1217
1061
2298
8107
4644
4462
9831
1598
4795
290
6581
5982
246
1379
2967
9007
7505
1900
565
835
3298
4325
9082
2908
8429
6552
5939
154
7152
4279
8402
7203
336
2044
3806
1671
9847
165
6318
4676
60
5827
9720
4537
6988
3527
332
1448
7925
7568
7385
357
7183
5095
9427
8156
626
8550
4740
9771
920
4422
9889
6628
9872
5564
8935
7320
6448
5903
2025
9533
3151
4457
2134
5584
5627
1219
3090
1904
677
5276
6878
7310
9431
454
4221
7478
8611
7758
4806
2951
5918
3785
3385
4797
672
8600
4389
386
9075
9810
9326
5892
1974
812
2985
4405
737
9408
2144
3903
5524
7674
6020
4714
1781
1164
4435
7290
7918
7319
7249
8071
8443
5258
3728
5378
3723
5618
8014
8942
7844
8046
7794
7708
7265
4865
733
3354
2661
4383
3060
8997
7089
5154
2297
9004
3721
4907
505
5513
3176
6554
3468
6577
9116
7489
3680
5353
2517
8982
3324
4549
2617
4027
4727
6829
7562
7283
4502
2036
6657
8711
3366
5623
7499
5905
2988
9236
9257
6640
6075
1492
1853
5330
1295
4668
7921
7900
3702
238
274
1989
5318
4959
1930
307
4980
1819
8426
2817
58
7364
3661
7927
4124
2074
4864
7656
7977
8177
6547
3031
1793
2901
4255
1615
1670
5525
4142
443
3173
1770
6510
5666
6920
2271
6387
3770
1024
1600
9728
4464
7950
5630
5465
4312
8005
3949
9400
6156
6963
4715
4496
8519
3841
2205
8302
3343
7972
9644
2862
8244
3225
3528
8847
6947
3715
1658
3259
1585
6877
9839
7205
9011
7699
5638
8790
1136
8821
8881
2562
826
7449
9489
1194
1373
1782
2849
8407
3055
2194
6890
5334
613
658
4723
9352
44
5907
9725
3578
1375
1961
9454
2483
9813
6171
661
426
9142
463
4919
5957
9052
5019
4414
2966
3559
8275
5815
9270
1176
2189
1193
1913
7336
2028
4426
8534
5795
7252
471
8835
9882
8214
7542
3221
7770
3781
7162
8705
73
9213
8209
5620
166
2644
7601
9490
9486
7438
4599
2589
2749
6356
6377
6971
3242
4249
682
7569
8536
9609
319
1835
8549
6486
6336
7789
9244
7401
4322
9540
1225
3542
1188
6602
3707
1524
9406
7305
3318
69
1891
242
2336
8317
7503
5801
5557
4089
1892
1845
29
2069
4180
7386
8295
2413
3347
6036
4767
5291
5386
2741
1334
7413
9976
5292
5201
6049
1549
3229
6121
797
9377
7552
7345
11
6840
2063
7164
7915
9342
546
2820
753
1386
5146
6654
7465
980
6023
6095
4994
1047
2980
896
941
5367
6545
200
6710
5223
5926
1131
860
3911
483
5412
4816
8374
622
6461
9868
2488
87
583
7516
5263
7063
2914
6514
8185
8415
3041
5656
6155
4645
1388
5124
2188
7495
7457
5817
5696
5870
2314
7088
8385
6672
9535
3488
4093
6202
4607
4320
4117
2356
4455
2959
8924
9726
9443
7379
5589
6011
1973
7276
8803
1859
7479
3220
105
9621
764
2376
4085
3267
5499
1568
4847
4176
3169
194
7777
7497
8747
606
7222
9046
74
2152
1628
7274
8993
3197
2066
5214
6787
5637
982
2860
875
3779
8198
8069
6886
6379
6306
2234
6096
6195
1389
150
8601
4880
9993
8089
2612
9368
3947
6627
5018
2261
7369
9949
7885
2706
1460
3237
514
8627
8133
7922
1936
5751
3774
9186
5053
7839
2833
8687
1108
3932
2154
6616
5071
400
3170
1554
5329
2040
9297
1433
5946
6780
7248
3731
