1
2
1147
4
5
1264
7
8
1939
10
11
1456
13
14
1895
16
17
1001
19
20
1043
22
23
1205
25
26
1093
28
29
1040
31
32
1897
34
35
1959
37
38
1631
40
41
1058
43
44
1936
46
47
1281
49
50
1464
52
53
1559
55
56
1401
58
59
1851
61
62
1065
64
65
1742
67
68
1432
70
71
1583
73
74
1265
76
77
1552
79
80
1907
82
83
1954
85
86
1505
88
89
1874
91
92
1384
94
95
1968
97
98
1147
100
101
1274
103
104
1074
106
107
1106
109
110
1256
112
113
1352
115
116
1375
118
119
1699
121
122
1621
124
125
1140
127
128
1416
130
131
1905
133
134
1265
136
137
1919
139
140
1214
142
143
1301
145
146
1382
148
149
1923
151
152
1590
154
155
1042
157
158
1648
160
161
1294
163
164
1398
166
167
1972
169
170
1235
172
173
1779
175
176
1621
178
179
1979
181
182
1773
184
185
1325
187
188
1408
190
191
1224
193
194
1828
196
197
1848
199
200
1375
202
203
1805
205
206
1032
208
209
1693
211
212
1989
214
215
1929
217
218
1134
220
221
1416
223
224
1783
226
227
1227
229
230
1875
232
233
1639
235
236
1413
238
239
1427
241
242
1450
244
245
1594
247
248
1910
250
251
1324
253
254
1345
256
257
1773
259
260
1745
262
263
1588
265
266
1959
268
269
1867
271
272
1080
274
275
1313
277
278
1524
280
281
1807
283
284
1216
286
287
1279
289
290
1303
292
293
1176
295
296
1585
298
299
1242
301
302
1100
304
305
1394
307
308
1473
310
311
1510
313
314
1842
316
317
1647
319
320
1915
322
323
1996
325
326
1458
328
329
1070
331
332
1243
334
335
1737
337
338
1047
340
341
1419
343
344
1516
346
347
1093
349
350
1037
352
353
1114
355
356
1354
358
359
1137
361
362
1644
364
365
1963
367
368
1923
370
371
1941
373
374
1470
376
377
1849
379
380
1854
382
383
1846
385
386
1292
388
389
1681
391
392
1465
394
395
1875
397
398
1174
400
401
1095
403
404
1189
406
407
1768
409
410
1010
412
413
1554
415
416
1081
418
419
1501
421
422
1098
424
425
1318
427
428
1282
430
431
1578
433
434
1288
436
437
1058
439
440
1564
442
443
1941
445
446
1021
448
449
1231
451
452
1948
454
455
1198
457
458
1070
460
461
1313
463
464
1818
466
467
1817
469
470
1303
472
473
1335
475
476
1719
478
479
1818
481
482
1639
484
485
1949
487
488
1633
490
491
1709
493
494
1147
496
497
1357
499
500
1760
502
503
1808
505
506
1525
508
509
1934
511
512
1376
514
515
1600
517
518
1300
520
521
1974
523
524
1017
526
527
1048
529
530
1060
532
533
1673
535
536
1793
538
539
1829
541
542
1556
544
545
1599
547
548
1175
550
551
1296
553
554
1409
556
557
1849
559
560
1097
562
563
1688
565
566
1226
568
569
1073
571
572
1886
574
575
1090
577
578
1822
580
581
1336
583
584
1971
586
587
1958
589
590
1567
592
593
1677
595
596
1733
598
599
1233
601
602
1093
604
605
1013
607
608
1305
610
611
1349
613
614
1523
616
617
1373
619
620
1619
622
623
1044
625
626
1579
628
629
1782
631
632
1527
634
635
1920
637
638
1380
640
641
1923
643
644
1298
646
647
1774
649
650
1263
652
653
1823
655
656
1160
658
659
1340
661
662
1142
664
665
1800
667
668
1947
670
671
1955
673
674
1764
676
677
1382
679
680
1779
682
683
1142
685
686
1002
688
689
1425
691
692
1904
694
695
1243
697
698
1035
700
701
1955
703
704
1579
706
707
1173
709
710
1073
712
713
1887
715
716
1846
718
719
1114
721
722
1681
724
725
1293
727
728
1496
730
731
1555
733
734
1001
736
737
1563
739
740
1298
742
743
1099
745
746
1572
748
749
1947
751
752
1809
754
755
1435
757
758
1064
760
761
1040
763
764
1077
766
767
1225
769
770
1464
772
773
1735
775
776
1260
778
779
1587
781
782
1171
784
785
1329
787
788
1524
790
791
1275
793
794
1099
796
797
1033
799
800
1228
802
803
1824
805
806
1721
808
809
1009
811
812
1981
814
815
1934
817
818
1997
820
821
1728
823
824
1829
826
827
1759
829
830
1713
832
833
1314
835
836
1545
838
839
1619
841
842
1108
844
845
1307
847
848
1001
850
851
1257
853
854
1893
856
857
1780
859
860
1789
862
863
1834
865
866
1769
868
869
1780
871
872
1114
874
875
1275
877
878
1820
880
881
1618
883
884
1161
886
887
1710
889
890
1367
892
893
1189
895
896
1596
898
899
1529
901
902
1267
904
905
1709
907
908
1465
910
911
1202
913
914
1725
916
917
1997
919
920
1452
922
923
1503
925
926
1968
928
929
1993
931
932
1915
934
935
1624
937
938
1710
940
941
1571
943
944
1385
946
947
1140
949
950
1024
952
953
1666
955
956
1656
958
959
1621
961
962
1737
964
965
1559
967
968
1644
970
971
1611
973
974
1595
976
977
1104
979
980
1132
982
983
1766
985
986
1685
988
989
1601
991
992
1184
994
995
1117
997
998
1897
1000
