1
2
12692
4
5
13274
7
8
18038
10
11
13607
13
14
13213
16
17
16417
19
20
14256
22
23
14752
25
26
14092
28
29
12235
31
32
12043
34
35
16636
37
38
14404
40
41
10377
43
44
18583
46
47
15761
49
50
15712
52
53
19295
55
56
11976
58
59
18506
61
62
10820
64
65
11419
67
68
10041
70
71
10172
73
74
17359
76
77
17359
79
80
11416
82
83
13650
85
86
10389
88
89
10930
91
92
16344
94
95
19822
97
98
15561
100
101
14130
103
104
19062
106
107
17334
109
110
17418
112
113
11093
115
116
18367
118
119
15694
121
122
14907
124
125
15385
127
128
17382
130
131
12780
133
134
18046
136
137
18433
139
140
16926
142
143
16891
145
146
10078
148
149
16430
151
152
14006
154
155
18219
157
158
15463
160
161
16016
163
164
13712
166
167
17975
169
170
18414
172
173
14766
175
176
16473
178
179
11796
181
182
13344
184
185
11974
187
188
11956
190
191
19494
193
194
13084
196
197
17832
199
200
11491
202
203
18168
205
206
16947
208
209
10936
211
212
16708
214
215
16749
217
218
17145
220
221
15470
223
224
13840
226
227
12093
229
230
17098
232
233
19573
235
236
10635
238
239
10337
241
242
13310
244
245
19951
247
248
17491
250
251
19260
253
254
17558
256
257
14106
259
260
12337
262
263
19190
265
266
12583
268
269
15785
271
272
11583
274
275
18659
277
278
10003
280
281
11170
283
284
13610
286
287
16580
289
290
17265
292
293
13732
295
296
18797
298
299
17102
301
302
15684
304
305
15420
307
308
13885
310
311
16162
313
314
19437
316
317
11176
319
320
12159
322
323
18787
325
326
14745
328
329
12528
331
332
19802
334
335
14905
337
338
16771
340
341
18981
343
344
18373
346
347
10781
349
350
19843
352
353
17749
355
356
17702
358
359
13872
361
362
18312
364
365
19448
367
368
13154
370
371
17345
373
374
13104
376
377
19290
379
380
13447
382
383
12573
385
386
12829
388
389
17142
391
392
19847
394
395
19576
397
398
12314
400
401
10760
403
404
10775
406
407
17405
409
410
14739
412
413
12673
415
416
13291
418
419
14487
421
422
14257
424
425
17071
427
428
19680
430
431
19408
433
434
19484
436
437
17819
439
440
14404
442
443
10740
445
446
19088
448
449
12490
451
452
14332
454
455
15418
457
458
14316
460
461
11582
463
464
10789
466
467
16174
469
470
12498
472
473
18946
475
476
14134
478
479
15924
481
482
14422
484
485
17394
487
488
16305
490
491
10072
493
494
10275
496
497
10040
499
500
15791
502
503
10417
505
506
11888
508
509
17500
511
512
13217
514
515
15037
517
518
12757
520
521
11716
523
524
19492
526
527
10905
529
530
12979
532
533
13006
535
536
19565
538
539
12708
541
542
18175
544
545
19865
547
548
14880
550
551
10582
553
554
19202
556
557
17792
559
560
10700
562
563
18683
565
566
17884
568
569
15139
571
572
16149
574
575
10058
577
578
11372
580
581
18518
583
584
10368
586
587
14378
589
590
14059
592
593
19006
595
596
16857
598
599
11576
601
602
12941
604
605
18712
607
608
14932
610
611
19538
613
614
11833
616
617
14306
619
620
17962
622
623
14775
625
626
13469
628
629
11062
631
632
12657
634
635
14997
637
638
15853
640
641
19355
643
644
19203
646
647
17692
649
650
15548
652
653
11635
655
656
11048
658
659
14164
661
662
17956
664
665
15962
667
668
12718
670
671
18617
673
674
19542
676
677
16891
679
680
14040
682
683
11253
685
686
10542
688
689
11683
691
692
10045
694
695
12222
697
698
18494
700
701
12022
703
704
18561
706
707
19535
709
710
11748
712
713
10948
715
716
10769
718
719
19525
721
722
11188
724
725
11879
727
728
15407
730
731
11739
733
734
15424
736
737
15962
739
740
13747
742
743
11814
745
746
12083
748
749
11370
751
752
17609
754
755
14393
757
758
12902
760
761
12167
763
764
17612
766
767
15476
769
770
11361
772
773
15538
775
776
13887
778
779
12256
781
782
18536
784
785
18047
787
788
16385
790
791
13504
793
794
18557
796
797
15099
799
800
11213
802
803
19681
805
806
14737
808
809
14159
811
812
16824
814
815
13293
817
818
19873
820
821
12916
823
824
15285
826
827
15829
829
830
16145
832
833
16719
835
836
12671
838
839
10216
841
842
12621
844
845
12405
847
848
19990
850
851
15789
853
854
10827
856
857
13322
859
860
16975
862
863
19187
865
866
10703
868
869
18170
871
872
10956
874
875
19293
877
878
18235
880
881
19008
883
884
19163
886
887
18275
889
890
14701
892
893
15224
895
896
16442
898
899
16905
901
902
15254
904
905
16277
907
908
12786
910
911
10867
913
914
14087
916
917
10230
919
920
14795
922
923
12369
925
926
11196
928
929
12028
931
932
13931
934
935
10672
937
938
17392
940
941
17670
943
944
12802
946
947
10618
949
950
16034
952
953
15947
955
956
13892
958
959
16796
961
962
13819
964
965
17905
967
968
16275
970
971
15582
973
974
16872
976
977
17786
979
980
10079
982
983
17400
985
986
19077
988
989
17018
991
992
11893
994
995
16589
997
998
10108
1000
1001
17237
1003
1004
14287
1006
1007
13465
1009
1010
13801
1012
1013
12285
1015
1016
19883
1018
1019
16023
1021
1022
19103
1024
1025
16579
1027
1028
10045
1030
1031
10969
1033
1034
11623
1036
1037
12379
1039
1040
15649
1042
1043
16912
1045
1046
14706
1048
1049
17442
1051
1052
18234
1054
1055
11994
1057
1058
13861
1060
1061
11217
1063
1064
17755
1066
1067
10708
1069
1070
11130
1072
1073
19597
1075
1076
11843
1078
1079
14842
1081
1082
17485
1084
1085
13874
1087
1088
16893
1090
1091
16445
1093
1094
10196
1096
1097
10064
1099
1100
11063
1102
1103
14413
1105
1106
12257
1108
1109
19084
1111
1112
12130
1114
1115
15293
1117
1118
12622
1120
1121
19782
1123
1124
14000
1126
1127
17221
1129
1130
17196
1132
1133
15750
1135
1136
19821
1138
1139
18905
1141
1142
10376
1144
1145
13734
1147
1148
19131
1150
1151
17848
1153
1154
12846
1156
1157
13620
1159
1160
14190
1162
1163
13467
1165
1166
14000
1168
1169
11431
1171
1172
14834
1174
1175
10164
1177
1178
18995
1180
1181
15550
1183
1184
11295
1186
1187
18266
1189
1190
18052
1192
1193
19317
1195
1196
12128
1198
1199
13914
1201
1202
10257
1204
1205
13144
1207
1208
15666
1210
1211
11035
1213
1214
16746
1216
1217
18193
1219
1220
17779
1222
1223
10757
1225
1226
11746
1228
1229
18522
1231
1232
19712
1234
1235
14524
1237
1238
18678
1240
1241
18809
1243
1244
13618
1246
1247
10623
1249
1250
13240
1252
1253
14995
1255
1256
18059
1258
1259
13094
1261
1262
17289
1264
1265
10203
1267
1268
17309
1270
1271
13033
1273
1274
12264
1276
1277
10077
1279
1280
11076
1282
1283
14160
1285
1286
10019
1288
1289
15266
1291
1292
12348
1294
1295
10630
1297
1298
13527
1300
1301
11316
1303
1304
15410
1306
1307
16809
1309
1310
13184
1312
1313
10347
1315
1316
17483
1318
1319
11692
1321
1322
15652
1324
1325
18442
1327
1328
15550
1330
1331
15101
1333
1334
13716
1336
1337
16640
1339
1340
19444
1342
1343
11235
1345
1346
18711
1348
1349
16466
1351
1352
12204
1354
1355
11503
1357
1358
16147
1360
1361
13583
1363
1364
17600
1366
1367
16274
1369
1370
18607
1372
1373
16993
1375
1376
17332
1378
1379
15547
1381
1382
10246
1384
1385
12892
1387
1388
19516
1390
1391
16924
1393
1394
11603
1396
1397
10787
1399
1400
10142
1402
1403
15685
1405
1406
19446
1408
1409
16530
1411
1412
18765
1414
1415
17647
1417
1418
10733
1420
1421
12518
1423
1424
13696
1426
1427
14043
1429
1430
19114
1432
1433
11674
1435
1436
18889
1438
1439
14522
1441
1442
14025
1444
1445
13315
1447
1448
16273
1450
1451
19389
1453
1454
16228
1456
1457
12975
1459
1460
11282
1462
1463
17500
1465
1466
17406
1468
1469
16602
1471
1472
19545
1474
1475
18807
1477
1478
18689
1480
1481
16985
1483
1484
19728
1486
1487
15470
1489
1490
18350
1492
1493
10310
1495
1496
16068
1498
1499
14648
1501
1502
18413
1504
1505
19091
1507
1508
12495
1510
1511
18560
1513
1514
11068
1516
1517
12959
1519
1520
11102
1522
1523
19101
1525
1526
18144
1528
1529
18956
1531
1532
16391
1534
1535
18429
1537
1538
11474
1540
1541
13297
1543
1544
18508
1546
1547
19949
1549
1550
16199
1552
1553
13348
1555
1556
16985
1558
1559
18711
1561
1562
13995
1564
1565
15571
1567
1568
15838
1570
1571
12370
1573
1574
12228
1576
1577
19712
1579
1580
18182
1582
1583
16320
1585
1586
19719
1588
1589
12304
1591
1592
10125
1594
1595
18512
1597
1598
14743
1600
1601
14660
1603
1604
11355
1606
1607
18110
1609
1610
13824
1612
1613
19566
1615
1616
12407
1618
1619
19675
1621
1622
11644
1624
1625
19256
1627
1628
10624
1630
1631
19627
1633
1634
14648
1636
1637
12314
1639
1640
19005
1642
1643
10900
1645
1646
11187
1648
1649
10237
1651
1652
11729
1654
1655
16665
1657
1658
17645
1660
1661
14031
1663
1664
19663
1666
1667
17240
1669
1670
18321
1672
1673
16521
1675
1676
11554
1678
1679
13919
1681
1682
19279
1684
1685
10317
1687
1688
11548
1690
1691
13435
1693
1694
14148
1696
1697
12045
1699
1700
18647
1702
1703
19187
1705
1706
12175
1708
1709
16269
1711
1712
13639
1714
1715
14214
1717
1718
10717
1720
1721
10328
1723
1724
19778
1726
1727
10729
1729
1730
14099
1732
1733
16023
1735
1736
12460
1738
1739
19913
1741
1742
15354
1744
1745
16831
1747
1748
16550
1750
1751
11361
1753
1754
11468
1756
1757
19871
1759
1760
14201
1762
1763
15124
1765
1766
18175
1768
1769
17587
1771
1772
18174
1774
1775
15159
1777
1778
15198
1780
1781
14304
1783
1784
10658
1786
1787
14013
1789
1790
13860
1792
1793
10833
1795
1796
17972
1798
1799
13158
1801
1802
11957
1804
1805
12979
1807
1808
19019
1810
1811
19952
1813
1814
18093
1816
1817
15340
1819
1820
17127
1822
1823
17207
1825
1826
11380
1828
1829
10825
1831
1832
12269
1834
1835
16563
1837
1838
13427
1840
1841
11092
1843
1844
13640
1846
1847
12554
1849
1850
15420
1852
1853
16364
1855
1856
11697
1858
1859
12083
1861
1862
15933
1864
1865
11048
1867
1868
13082
1870
1871
14189
1873
1874
13921
1876
1877
12340
1879
1880
14778
1882
1883
11099
1885
1886
13151
1888
1889
18108
1891
1892
15409
1894
1895
13261
1897
1898
10364
1900
1901
18007
1903
1904
18313
1906
1907
13014
1909
1910
10928
1912
1913
14936
1915
1916
12330
1918
1919
16968
1921
1922
14439
1924
1925
15360
1927
1928
12428
1930
1931
14698
1933
1934
17511
1936
1937
17631
1939
1940
19901
1942
1943
17543
1945
1946
19825
1948
1949
12019
1951
1952
11590
1954
1955
14316
1957
1958
14053
1960
1961
12033
1963
1964
18934
1966
1967
13470
1969
1970
14748
1972
1973
19571
1975
1976
18565
1978
1979
17681
1981
1982
12223
1984
1985
11206
1987
1988
13612
1990
1991
12348
1993
1994
10365
1996
1997
14140
1999
2000
19188
2002
2003
12180
2005
2006
17463
2008
2009
18637
2011
2012
17098
2014
2015
17523
2017
2018
19966
2020
2021
13186
2023
2024
15945
2026
2027
16954
2029
2030
18563
2032
2033
16002
2035
2036
14420
2038
2039
13966
2041
2042
12240
2044
2045
14467
2047
2048
18427
2050
2051
11568
2053
2054
15156
2056
2057
10302
2059
2060
13436
2062
2063
19061
2065
2066
18768
2068
2069
12643
2071
2072
16061
2074
2075
17818
2077
2078
16043
2080
2081
10470
2083
2084
16000
2086
2087
19611
2089
2090
17596
2092
2093
15066
2095
2096
16579
2098
2099
17089
2101
2102
15106
2104
2105
10267
2107
2108
10840
2110
2111
19622
2113
2114
17790
2116
2117
12355
2119
2120
16331
2122
2123
12281
2125
2126
10859
2128
2129
16770
2131
2132
17649
2134
2135
10931
2137
2138
13654
2140
2141
15230
2143
2144
18386
2146
2147
12617
2149
2150
11077
2152
2153
18199
2155
2156
13394
2158
2159
13226
2161
2162
15047
2164
2165
11776
2167
2168
10591
2170
2171
13916
2173
2174
17087
2176
2177
16122
2179
2180
16845
2182
2183
15593
2185
2186
17467
2188
2189
11860
2191
2192
15991
2194
2195
10788
2197
2198
16359
2200
2201
10340
2203
2204
12983
2206
2207
15972
2209
2210
14275
2212
2213
15223
2215
2216
18404
2218
2219
14352
2221
2222
11152
2224
2225
10111
2227
2228
12960
2230
2231
19201
2233
2234
17582
2236
2237
16268
2239
2240
15372
2242
2243
17332
2245
2246
15758
2248
2249
17976
2251
2252
15465
2254
2255
14292
2257
2258
12872
2260
2261
13471
2263
2264
13282
2266
2267
16320
2269
2270
11967
2272
2273
14736
2275
2276
13916
2278
2279
15282
2281
2282
13729
2284
2285
12947
2287
2288
16918
2290
2291
17686
2293
2294
12956
2296
2297
17929
2299
2300
13998
2302
2303
15650
2305
2306
18519
2308
2309
17870
2311
2312
11888
2314
2315
17641
2317
2318
17990
2320
2321
17386
2323
2324
19359
2326
2327
10658
2329
2330
17882
2332
2333
15833
2335
2336
11059
2338
2339
14228
2341
2342
11950
2344
2345
14219
2347
2348
15790
2350
2351
11828
2353
2354
14345
2356
2357
17593
2359
2360
13475
2362
2363
16264
2365
2366
13203
2368
2369
16847
2371
2372
15098
2374
2375
18369
2377
2378
14641
2380
2381
11094
2383
2384
12379
2386
2387
12018
2389
2390
11707
2392
2393
12452
2395
2396
19764
2398
2399
12212
2401
2402
10164
2404
2405
12714
2407
2408
13845
2410
2411
15330
2413
2414
16929
2416
2417
12639
2419
2420
19238
2422
2423
13395
2425
2426
18409
2428
2429
16162
2431
2432
12706
2434
2435
18555
2437
2438
13661
2440
2441
19367
2443
2444
17165
2446
2447
16100
2449
2450
12602
2452
2453
14856
2455
2456
15473
2458
2459
11968
2461
2462
11250
2464
2465
11992
2467
2468
15066
2470
2471
16797
2473
2474
12196
2476
2477
16607
2479
2480
19065
2482
2483
11546
2485
2486
16550
2488
2489
12746
2491
2492
13453
2494
2495
11655
2497
2498
13629
2500
2501
15072
2503
2504
11816
2506
2507
15810
2509
2510
16355
2512
2513
17734
2515
2516
19888
2518
2519
13165
2521
2522
16532
2524
2525
13087
2527
2528
10455
2530
2531
19178
2533
2534
19333
2536
2537
18882
2539
2540
10122
2542
2543
18938
2545
2546
17725
2548
2549
12765
2551
2552
10903
2554
2555
12240
2557
2558
17083
2560
2561
16050
2563
2564
16454
2566
2567
15919
2569
2570
16472
2572
2573
19316
2575
2576
12442
2578
2579
17291
2581
2582
14079
2584
2585
18927
2587
2588
10889
2590
2591
13544
2593
2594
19171
2596
2597
13413
2599
2600
17852
2602
2603
12376
2605
2606
14990
2608
2609
17828
2611
2612
15378
2614
2615
13803
2617
2618
11510
2620
2621
11879
2623
2624
15673
2626
2627
12563
2629
2630
14316
2632
2633
14259
2635
2636
16241
2638
2639
13648
2641
2642
13774
2644
2645
11526
2647
2648
13220
2650
2651
15241
2653
2654
13342
2656
2657
16007
2659
2660
17804
2662
2663
18871
2665
2666
14873
2668
2669
17604
2671
2672
16695
2674
2675
11217
2677
2678
10483
2680
2681
14721
2683
2684
19980
2686
2687
11000
2689
2690
11068
2692
2693
19492
2695
2696
17611
2698
2699
10883
2701
2702
10801
2704
2705
16973
2707
2708
19807
2710
2711
15506
2713
2714
15695
2716
2717
15387
2719
2720
17637
2722
2723
14408
2725
2726
16303
2728
2729
13196
2731
2732
13440
2734
2735
18697
2737
2738
15082
2740
2741
10760
2743
2744
17501
2746
2747
14713
2749
2750
14348
2752
2753
19384
2755
2756
18213
2758
2759
16242
2761
2762
17775
2764
2765
13265
2767
2768
19786
2770
2771
12796
2773
2774
13170
2776
2777
12946
2779
2780
13461
2782
2783
10489
2785
2786
13174
2788
2789
18568
2791
2792
19056
2794
2795
19252
2797
2798
10920
2800
2801
11303
2803
2804
14547
2806
2807
13256
2809
2810
11500
2812
2813
12981
2815
2816
17649
2818
2819
19049
2821
2822
19757
2824
2825
17598
2827
2828
16558
2830
2831
11705
2833
2834
19340
2836
2837
14107
2839
2840
12976
2842
2843
13558
2845
2846
12615
2848
2849
11594
2851
2852
14477
2854
2855
14199
2857
2858
17851
2860
2861
18675
2863
2864
14507
2866
2867
15214
2869
2870
15763
2872
2873
16150
2875
2876
17419
2878
2879
19455
2881
2882
11674
2884
2885
16870
2887
2888
14894
2890
2891
14320
2893
2894
19190
2896
2897
19751
2899
2900
17378
2902
2903
19511
2905
2906
18247
2908
2909
12096
2911
2912
16216
2914
2915
18107
2917
2918
16916
2920
2921
14138
2923
2924
14488
2926
2927
13159
2929
2930
12666
2932
2933
15433
2935
2936
13126
2938
2939
17628
2941
2942
12638
2944
2945
11397
2947
2948
16114
2950
2951
13217
2953
2954
17122
2956
2957
18629
2959
2960
15273
2962
2963
10386
2965
2966
11037
2968
2969
15544
2971
2972
13243
2974
2975
15321
2977
2978
19725
2980
2981
13314
2983
2984
11114
2986
2987
19792
2989
2990
13259
2992
2993
10741
2995
2996
16028
2998
2999
11223
3001
3002
10102
3004
3005
17629
3007
3008
10101
3010
3011
14220
3013
3014
14277
3016
3017
12760
3019
3020
18286
3022
3023
14426
3025
3026
11175
3028
3029
18945
3031
3032
18594
3034
3035
11381
3037
3038
19599
3040
3041
16397
3043
3044
11915
3046
3047
11584
3049
3050
12494
3052
3053
18196
3055
3056
14134
3058
3059
16080
3061
3062
14361
3064
3065
10099
3067
3068
18309
3070
3071
11827
3073
3074
11467
3076
3077
19203
3079
3080
18623
3082
3083
12083
3085
3086
13872
3088
3089
15518
3091
3092
10746
3094
3095
18183
3097
3098
17428
3100
3101
10194
3103
3104
15734
3106
3107
15900
3109
3110
15804
3112
3113
11978
3115
3116
11660
3118
3119
16584
3121
3122
17898
3124
3125
10578
3127
3128
10399
3130
3131
19918
3133
3134
18850
3136
3137
10751
3139
3140
12412
3142
3143
13217
3145
3146
10735
3148
3149
10279
3151
3152
10066
3154
3155
15128
3157
3158
19798
3160
3161
14801
3163
3164
17766
3166
3167
15969
3169
3170
19502
3172
3173
16158
3175
3176
11189
3178
3179
17643
3181
3182
10781
3184
3185
19984
3187
3188
17648
3190
3191
10501
3193
3194
13903
3196
3197
10991
3199
3200
11564
3202
3203
18914
3205
3206
14352
3208
3209
10437
3211
3212
17618
3214
3215
10419
3217
3218
18318
3220
3221
14487
3223
3224
19168
3226
3227
18683
3229
3230
18698
3232
3233
12934
3235
3236
13627
3238
3239
12917
3241
3242
16499
3244
3245
10770
3247
3248
18201
3250
3251
12541
3253
3254
10655
3256
3257
19336
3259
3260
16593
3262
3263
11270
3265
3266
13136
3268
3269
13998
3271
3272
10301
3274
3275
18809
3277
3278
15542
3280
3281
12951
3283
3284
12762
3286
3287
12467
3289
3290
13123
3292
3293
19768
3295
3296
16893
3298
3299
13719
3301
3302
10620
3304
3305
13047
3307
3308
13922
3310
3311
11266
3313
3314
17282
3316
3317
15474
3319
3320
10014
3322
3323
19494
3325
3326
14997
3328
3329
15198
3331
3332
19288
3334
3335
10514
3337
3338
16436
3340
3341
18652
3343
3344
19167
3346
3347
18781
3349
3350
13397
3352
3353
12426
3355
3356
18294
3358
3359
12871
3361
3362
12447
3364
3365
15237
3367
3368
14822
3370
3371
10879
3373
3374
10245
3376
3377
12465
3379
3380
11040
3382
3383
15693
3385
3386
11944
3388
3389
11029
3391
3392
12372
3394
3395
16306
3397
3398
10120
3400
3401
19601
3403
3404
17585
3406
3407
16938
3409
3410
10854
3412
3413
17445
3415
3416
11769
3418
3419
11487
3421
3422
18289
3424
3425
16362
3427
3428
18579
3430
3431
17303
3433
3434
19354
3436
3437
15907
3439
3440
18241
3442
3443
16455
3445
3446
14492
3448
3449
12449
3451
3452
17759
3454
3455
19038
3457
3458
12457
3460
3461
13701
3463
3464
10758
3466
3467
18456
3469
3470
19053
3472
3473
15115
3475
3476
10691
3478
3479
19987
3481
3482
10586
3484
3485
16967
3487
3488
14970
3490
3491
13645
3493
3494
13797
3496
3497
14212
3499
3500
11698
3502
3503
18713
3505
3506
14538
3508
3509
19494
3511
3512
11872
3514
3515
12066
3517
3518
13259
3520
3521
13400
3523
3524
18697
3526
3527
15244
3529
3530
13521
3532
3533
10667
3535
3536
13031
3538
3539
15756
3541
3542
11320
3544
3545
17693
3547
3548
11523
3550
3551
12712
3553
3554
14953
3556
3557
18125
3559
3560
10514
3562
3563
19208
3565
3566
19139
3568
3569
16033
3571
3572
16676
3574
3575
19871
3577
3578
17710
3580
3581
18090
3583
3584
13563
3586
3587
14096
3589
3590
10332
3592
3593
19714
3595
3596
10919
3598
3599
17240
3601
3602
10952
3604
3605
13098
3607
3608
17423
3610
3611
11894
3613
3614
13724
3616
3617
11844
3619
3620
17159
3622
3623
15359
3625
3626
13664
3628
3629
16034
3631
3632
19797
3634
3635
16671
3637
3638
10871
3640
3641
12429
3643
3644
17193
3646
3647
15687
3649
3650
12435
3652
3653
16952
3655
3656
10770
3658
3659
19045
3661
3662
15057
3664
3665
12270
3667
3668
11459
3670
3671
10967
3673
3674
11791
3676
3677
13416
3679
3680
19253
3682
3683
17797
3685
3686
18442
3688
3689
15411
3691
3692
10045
3694
3695
17397
3697
3698
12320
3700
3701
13464
3703
3704
15430
3706
3707
19833
3709
3710
18587
3712
3713
17124
3715
3716
15488
3718
3719
19088
3721
3722
14707
3724
3725
17285
3727
3728
15698
3730
3731
18642
3733
3734
12496
3736
3737
10448
3739
3740
13637
3742
3743
10453
3745
3746
18877
3748
3749
17213
3751
3752
19345
3754
3755
14096
3757
3758
12300
3760
3761
11797
3763
3764
19218
3766
3767
11670
3769
3770
19194
3772
3773
15117
3775
3776
12374
3778
3779
11872
3781
3782
18217
3784
3785
18714
3787
3788
12934
3790
3791
18046
3793
3794
14109
3796
3797
10848
3799
3800
18013
3802
3803
12457
3805
3806
13941
3808
3809
14548
3811
3812
14011
3814
3815
12076
3817
3818
17515
3820
3821
16810
3823
3824
16945
3826
3827
18693
3829
3830
12894
3832
3833
11675
3835
3836
17807
3838
3839
11921
3841
3842
11720
3844
3845
15027
3847
3848
13369
3850
3851
19025
3853
3854
12274
3856
3857
15615
3859
3860
19830
3862
3863
10000
3865
3866
16482
3868
3869
13029
3871
3872
18382
3874
3875
18685
3877
3878
14757
3880
3881
12233
3883
3884
14491
3886
3887
10304
3889
3890
13707
3892
3893
14304
3895
3896
11499
3898
3899
10639
3901
3902
13055
3904
3905
16176
3907
3908
14699
3910
3911
18846
3913
3914
16024
3916
3917
10043
3919
3920
16354
3922
3923
11870
3925
3926
14967
3928
3929
17400
3931
3932
19810
3934
3935
15714
3937
3938
10513
3940
3941
12113
3943
3944
11757
3946
3947
14302
3949
3950
15037
3952
3953
14426
3955
3956
12674
3958
3959
18501
3961
3962
19623
3964
3965
19492
3967
3968
14128
3970
3971
12652
3973
3974
10213
3976
3977
19753
3979
3980
19980
3982
3983
18268
3985
3986
13233
3988
3989
15862
3991
3992
14562
3994
3995
18835
3997
3998
19580
4000
4001
15373
4003
4004
15970
4006
4007
15753
4009
4010
12311
4012
4013
11704
4015
4016
17413
4018
4019
11115
4021
4022
10453
4024
4025
19983
4027
4028
18902
4030
4031
19339
4033
4034
10920
4036
4037
19064
4039
4040
14871
4042
4043
16421
4045
4046
12886
4048
4049
17190
4051
4052
17996
4054
4055
16125
4057
4058
12987
4060
4061
13184
4063
4064
16754
4066
4067
12754
4069
4070
17597
4072
4073
15240
4075
4076
14019
4078
4079
13108
4081
4082
19479
4084
4085
18869
4087
4088
10900
4090
4091
16323
4093
4094
12218
4096
4097
16037
4099
4100
13779
4102
4103
14929
4105
4106
13432
4108
4109
15471
4111
4112
10725
4114
4115
16254
4117
4118
17129
4120
4121
10779
4123
4124
10560
4126
4127
10487
4129
4130
12359
4132
4133
15347
4135
4136
19591
4138
4139
10283
4141
4142
16552
4144
4145
18348
4147
4148
13669
4150
4151
10616
4153
4154
13314
4156
4157
12787
4159
4160
11276
4162
4163
12772
4165
4166
10960
4168
4169
16766
4171
4172
15257
4174
4175
17498
4177
4178
18272
4180
4181
18090
4183
4184
16459
4186
4187
11380
4189
4190
16240
4192
4193
17268
4195
4196
13378
4198
4199
13673
4201
4202
10391
4204
4205
13528
4207
4208
12096
4210
4211
12619
4213
4214
12862
4216
4217
12144
4219
4220
15488
4222
4223
18250
4225
4226
17976
4228
4229
11234
4231
4232
16554
4234
4235
17702
4237
4238
10141
4240
4241
14535
4243
4244
11364
4246
4247
11487
4249
4250
15022
4252
4253
13162
4255
4256
13555
4258
4259
11577
4261
4262
18244
4264
4265
11472
4267
4268
13362
4270
4271
15371
4273
4274
10087
4276
4277
18930
4279
4280
19531
4282
4283
18875
4285
4286
19249
4288
4289
17100
4291
4292
10645
4294
4295
11990
4297
4298
15147
4300
4301
14781
4303
4304
16510
4306
4307
12881
4309
4310
13126
4312
4313
17542
4315
4316
10151
4318
4319
10408
4321
4322
18401
4324
4325
17351
4327
4328
10664
4330
4331
15270
4333
4334
10554
4336
4337
16840
4339
4340
14351
4342
4343
15909
4345
4346
17689
4348
4349
16722
4351
4352
17974
4354
4355
12024
4357
4358
14732
4360
4361
16332
4363
4364
17821
4366
4367
10463
4369
4370
13862
4372
4373
14244
4375
4376
15097
4378
4379
14046
4381
4382
11592
4384
4385
18172
4387
4388
10202
4390
4391
10464
4393
4394
13941
4396
4397
12826
4399
4400
16474
4402
4403
10399
4405
4406
11284
4408
4409
13665
4411
4412
11642
4414
4415
17875
4417
4418
13937
4420
4421
13019
4423
4424
18522
4426
4427
10455
4429
4430
16296
4432
4433
16289
4435
4436
12885
4438
4439
15712
4441
4442
14198
4444
4445
15208
4447
4448
18008
4450
4451
19611
4453
4454
11174
4456
4457
19251
4459
4460
15723
4462
4463
14216
4465
4466
10457
4468
4469
11714
4471
4472
15268
4474
4475
10666
4477
4478
18951
4480
4481
17639
4483
4484
16426
4486
4487
10486
4489
4490
15603
4492
4493
16231
4495
4496
12991
4498
4499
19278
4501
4502
15014
4504
4505
18296
4507
4508
11165
4510
4511
16629
4513
4514
15009
4516
4517
17720
4519
4520
19607
4522
4523
11062
4525
4526
15441
4528
4529
16144
4531
4532
17819
4534
4535
17824
4537
4538
19218
4540
4541
19952
4543
4544
17038
4546
4547
10966
4549
4550
16821
4552
4553
13723
4555
4556
11025
4558
4559
19738
4561
4562
11256
4564
4565
18040
4567
4568
15765
4570
4571
13928
4573
4574
10107
4576
4577
16004
4579
4580
12273
4582
4583
18833
4585
4586
14017
4588
4589
15999
4591
4592
12105
4594
4595
14629
4597
4598
19262
4600
4601
14353
4603
4604
19672
4606
4607
12057
4609
4610
14993
4612
4613
11695
4615
4616
18148
4618
4619
19203
4621
4622
19425
4624
4625
19298
4627
4628
17735
4630
4631
18649
4633
4634
16359
4636
4637
19001
4639
4640
12777
4642
4643
10779
4645
4646
13279
4648
4649
13732
4651
4652
11425
4654
4655
10261
4657
4658
17737
4660
4661
19948
4663
4664
14417
4666
4667
17060
4669
4670
17176
4672
4673
13965
4675
4676
10066
4678
4679
16639
4681
4682
14478
4684
4685
11966
4687
4688
10905
4690
4691
12345
4693
4694
19693
4696
4697
10356
4699
4700
15519
4702
4703
12941
4705
4706
14962
4708
4709
19184
4711
4712
12140
4714
4715
16758
4717
4718
18813
4720
4721
17002
4723
4724
19880
4726
4727
16012
4729
4730
16842
4732
4733
13895
4735
4736
15532
4738
4739
10611
4741
4742
10442
4744
4745
16412
4747
4748
17580
4750
4751
15825
4753
4754
18208
4756
4757
14290
4759
4760
15928
4762
4763
14685
4765
4766
13083
4768
4769
18782
4771
4772
15148
4774
4775
15611
4777
4778
18040
4780
4781
10389
4783
4784
14708
4786
4787
16526
4789
4790
13231
4792
4793
13628
4795
4796
18560
4798
4799
13689
4801
4802
12292
4804
4805
17442
4807
4808
15343
4810
4811
13718
4813
4814
17908
4816
4817
18222
4819
4820
17094
4822
4823
14847
4825
4826
15701
4828
4829
19592
4831
4832
12375
4834
4835
14111
4837
4838
15442
4840
4841
12839
4843
4844
17586
4846
4847
15805
4849
4850
18603
4852
4853
10366
4855
4856
14276
4858
4859
16816
4861
4862
13295
4864
4865
19350
4867
4868
11750
4870
4871
16452
4873
4874
11563
4876
4877
12225
4879
4880
14285
4882
4883
13271
4885
4886
15942
4888
4889
17036
4891
4892
14937
4894
4895
19939
4897
4898
18093
4900
4901
16518
4903
4904
10133
4906
4907
13817
4909
4910
10962
4912
4913
19890
4915
4916
12724
4918
4919
18577
4921
4922
19566
4924
4925
16863
4927
4928
14100
4930
4931
16828
4933
4934
19860
4936
4937
12510
4939
4940
14495
4942
4943
19888
4945
4946
14997
4948
4949
10917
4951
4952
10980
4954
4955
15419
4957
4958
14782
4960
4961
17883
4963
4964
10044
4966
4967
11215
4969
4970
18681
4972
4973
19767
4975
4976
17343
4978
4979
18781
4981
4982
14887
4984
4985
15260
4987
4988
14353
4990
4991
16911
4993
4994
16412
4996
4997
19616
4999
5000
11180
5002
5003
17106
5005
5006
14904
5008
5009
13645
5011
5012
14183
5014
5015
18305
5017
5018
19649
5020
5021
17677
5023
5024
15670
5026
5027
17639
5029
5030
18544
5032
5033
10779
5035
5036
17369
5038
5039
19255
5041
5042
17761
5044
5045
19330
5047
5048
14581
5050
5051
12626
5053
5054
17205
5056
5057
11319
5059
5060
18549
5062
5063
18649
5065
5066
16986
5068
5069
15649
5071
5072
11568
5074
5075
10428
5077
5078
14293
5080
5081
15285
5083
5084
15874
5086
5087
11969
5089
5090
14701
5092
5093
16277
5095
5096
16411
5098
5099
10251
5101
5102
14753
5104
5105
17806
5107
5108
13645
5110
5111
14930
5113
5114
16665
5116
5117
16390
5119
5120
19413
5122
5123
19072
5125
5126
18083
5128
5129
12609
5131
5132
19719
5134
5135
14861
5137
5138
12585
5140
5141
11244
5143
5144
11187
5146
5147
12115
5149
5150
17707
5152
5153
11700
5155
5156
19537
5158
5159
14134
5161
5162
10339
5164
5165
10072
5167
5168
16715
5170
5171
11573
5173
5174
15341
5176
5177
10215
5179
5180
15413
5182
5183
14864
5185
5186
13080
5188
5189
16841
5191
5192
17784
5194
5195
10466
5197
5198
10821
5200
5201
18470
5203
5204
13163
5206
5207
12340
5209
5210
16456
5212
5213
14217
5215
5216
17398
5218
5219
15721
5221
5222
17257
5224
5225
10192
5227
5228
15399
5230
5231
10122
5233
5234
12314
5236
5237
19953
5239
5240
16566
5242
5243
13262
5245
5246
14916
5248
5249
12077
5251
5252
11905
5254
5255
16654
5257
5258
15945
5260
5261
13900
5263
5264
18624
5266
5267
12642
5269
5270
18191
5272
5273
14115
5275
5276
14194
5278
5279
13442
5281
5282
12934
5284
5285
17705
5287
5288
17801
5290
5291
17250
5293
5294
14421
5296
5297
13338
5299
5300
19525
5302
5303
11760
5305
5306
18896
5308
5309
19054
5311
5312
17057
5314
5315
14091
5317
5318
13479
5320
5321
12597
5323
5324
13498
5326
5327
14405
5329
5330
16383
5332
5333
11316
5335
5336
15583
5338
5339
19280
5341
5342
14528
5344
5345
19349
5347
5348
16596
5350
5351
19869
5353
5354
12247
5356
5357
15890
5359
5360
18486
5362
5363
18839
5365
5366
18475
5368
5369
19237
5371
5372
15346
5374
5375
18970
5377
5378
19236
5380
5381
12065
5383
5384
11839
5386
5387
19643
5389
5390
12796
5392
5393
17732
5395
5396
16205
5398
5399
19307
5401
5402
17350
5404
5405
15750
5407
5408
19862
5410
5411
12333
5413
5414
19301
5416
5417
10334
5419
5420
18893
5422
5423
15816
5425
5426
12567
5428
5429
14781
5431
5432
11307
5434
5435
14750
5437
5438
11158
5440
5441
13625
5443
5444
18631
5446
5447
17524
5449
5450
14611
5452
5453
10120
5455
5456
15082
5458
5459
19503
5461
5462
12298
5464
5465
16138
5467
5468
16820
5470
5471
10096
5473
5474
11863
5476
5477
10064
5479
5480
14894
5482
5483
19175
5485
5486
14772
5488
5489
14420
5491
5492
11434
5494
5495
12911
5497
5498
16223
5500
5501
13503
5503
5504
18826
5506
5507
10628
5509
5510
15122
5512
5513
19998
5515
5516
17989
5518
5519
11773
5521
5522
13241
5524
5525
10635
5527
5528
18235
5530
5531
13454
5533
5534
15602
5536
5537
19953
5539
5540
18840
5542
5543
17771
5545
5546
15451
5548
5549
15744
5551
5552
16569
5554
5555
19308
5557
5558
19679
5560
5561
19201
5563
5564
18446
5566
5567
16520
5569
5570
11245
5572
5573
19833
5575
5576
14246
5578
5579
18759
5581
5582
17611
5584
5585
11369
5587
5588
18314
5590
5591
12582
5593
5594
13846
5596
5597
17093
5599
5600
12245
5602
5603
17882
5605
5606
12088
5608
5609
17196
5611
5612
13526
5614
5615
11027
5617
5618
12832
5620
5621
19925
5623
5624
10861
5626
5627
17218
5629
5630
18685
5632
5633
10149
5635
5636
19457
5638
5639
13042
5641
5642
15734
5644
5645
14466
5647
5648
19657
5650
5651
12599
5653
5654
12776
5656
5657
12746
5659
5660
12001
5662
5663
19682
5665
5666
15290
5668
5669
14607
5671
5672
18155
5674
5675
19392
5677
5678
19769
5680
5681
12110
5683
5684
17350
5686
5687
13660
5689
5690
11302
5692
5693
11526
5695
5696
14729
5698
5699
12428
5701
5702
15565
5704
5705
13656
5707
5708
19666
5710
5711
14342
5713
5714
12337
5716
5717
17483
5719
5720
12562
5722
5723
19979
5725
5726
15881
5728
5729
17104
5731
5732
14798
5734
5735
17651
5737
5738
16261
5740
5741
14522
5743
5744
16636
5746
5747
11985
5749
5750
10137
5752
5753
15989
5755
5756
15495
5758
5759
15729
5761
5762
12482
5764
5765
10613
5767
5768
13363
5770
5771
17440
5773
5774
13910
5776
5777
15864
5779
5780
10898
5782
5783
14032
5785
5786
17186
5788
5789
14880
5791
5792
18323
5794
5795
18310
5797
5798
10383
5800
5801
15963
5803
5804
12358
5806
5807
11506
5809
5810
14582
5812
5813
10886
5815
5816
13163
5818
5819
18454
5821
5822
13090
5824
5825
11216
5827
5828
19321
5830
5831
16818
5833
5834
15171
5836
5837
14263
5839
5840
13927
5842
5843
18572
5845
5846
10738
5848
5849
17693
5851
5852
11179
5854
5855
17928
5857
5858
10173
5860
5861
16784
5863
5864
12448
5866
5867
19455
5869
5870
12130
5872
5873
13342
5875
5876
12417
5878
5879
13964
5881
5882
18599
5884
5885
14290
5887
5888
13631
5890
5891
19951
5893
5894
17957
5896
5897
11137
5899
5900
13118
5902
5903
16808
5905
5906
15919
5908
5909
16652
5911
5912
15454
5914
5915
16145
5917
5918
10120
5920
5921
13148
5923
5924
12223
5926
5927
11169
5929
5930
10273
5932
5933
10386
5935
5936
17036
5938
5939
16031
5941
5942
11592
5944
5945
10244
5947
5948
13086
5950
5951
15807
5953
5954
10087
5956
5957
12762
5959
5960
10989
5962
5963
10897
5965
5966
19720
5968
5969
17247
5971
5972
18893
5974
5975
15745
5977
5978
17363
5980
5981
10960
5983
5984
14118
5986
5987
13797
5989
5990
16681
5992
5993
13788
5995
5996
19772
5998
5999
18301
6001
6002
10717
6004
6005
19426
6007
6008
14605
6010
6011
17444
6013
6014
19814
6016
6017
16438
6019
6020
18133
6022
6023
17158
6025
6026
10908
6028
6029
17336
6031
6032
11802
6034
6035
12231
6037
6038
14246
6040
6041
13853
6043
6044
13908
6046
6047
19975
6049
6050
13765
6052
6053
10230
6055
6056
18025
6058
6059
16189
6061
6062
10121
6064
6065
10535
6067
6068
12060
6070
6071
12897
6073
6074
11784
6076
6077
16783
6079
6080
14997
6082
6083
16468
6085
6086
15607
6088
6089
15577
6091
6092
14177
6094
6095
15484
6097
6098
19383
6100
6101
15533
6103
6104
13199
6106
6107
13290
6109
6110
10987
6112
6113
13771
6115
6116
18537
6118
6119
11285
6121
6122
11769
6124
6125
17861
6127
6128
15717
6130
6131
12145
6133
6134
11314
6136
6137
19416
6139
6140
16058
6142
6143
14998
6145
6146
11308
6148
6149
19981
6151
6152
17153
6154
6155
10320
6157
6158
12855
6160
6161
11505
6163
6164
11785
6166
6167
15674
6169
6170
15604
6172
6173
16016
6175
6176
18927
6178
6179
10486
6181
6182
15000
6184
6185
18326
6187
6188
15721
6190
6191
11924
6193
6194
13097
6196
6197
18339
6199
6200
15070
6202
6203
17982
6205
6206
12280
6208
6209
18385
6211
6212
15437
6214
6215
13605
6217
6218
10799
6220
6221
15208
6223
6224
12009
6226
6227
14910
6229
6230
11694
6232
6233
14137
6235
6236
16481
6238
6239
19444
6241
6242
13759
6244
6245
19121
6247
6248
12165
6250
6251
13450
6253
6254
13517
6256
6257
12905
6259
6260
14558
6262
6263
15990
6265
6266
11511
6268
6269
18794
6271
6272
13673
6274
6275
18177
6277
6278
18188
6280
6281
15658
6283
6284
14645
6286
6287
15393
6289
6290
17329
6292
6293
16084
6295
6296
16946
6298
6299
11267
6301
6302
19114
6304
6305
16418
6307
6308
12172
6310
6311
17163
6313
6314
14523
6316
6317
13718
6319
6320
11892
6322
6323
16686
6325
6326
14597
6328
6329
19760
6331
6332
18639
6334
6335
13384
6337
6338
19802
6340
6341
19409
6343
6344
18747
6346
6347
14201
6349
6350
19889
6352
6353
19338
6355
6356
11662
6358
6359
11342
6361
6362
13328
6364
6365
14433
6367
6368
16824
6370
6371
17588
6373
6374
19719
6376
6377
17366
6379
6380
13004
6382
6383
16822
6385
6386
11433
6388
6389
15571
6391
6392
18539
6394
6395
10172
6397
6398
14704
6400
6401
19290
6403
6404
19334
6406
6407
13424
6409
6410
13565
6412
6413
15106
6415
6416
14659
6418
6419
16772
6421
6422
10562
6424
6425
11442
6427
6428
16960
6430
6431
10991
6433
6434
17441
6436
6437
15917
6439
6440
16029
6442
6443
16872
6445
6446
15627
6448
6449
18978
6451
6452
19697
6454
6455
18436
6457
6458
18575
6460
6461
18023
6463
6464
14865
6466
6467
16227
6469
6470
14050
6472
6473
15808
6475
6476
15309
6478
6479
16137
6481
6482
15129
6484
6485
13924
6487
6488
14936
6490
6491
15195
6493
6494
13119
6496
6497
11104
6499
6500
15627
6502
6503
14462
6505
6506
19948
6508
6509
15710
6511
6512
12090
6514
6515
13393
6517
6518
11900
6520
6521
17019
6523
6524
16727
6526
6527
18317
6529
6530
18561
6532
6533
13091
6535
6536
19846
6538
6539
16137
6541
6542
18530
6544
6545
14194
6547
6548
19280
6550
6551
19097
6553
6554
16063
6556
6557
16094
6559
6560
12265
6562
6563
10871
6565
6566
13418
6568
6569
14788
6571
6572
19770
6574
6575
14401
6577
6578
17125
6580
6581
19373
6583
6584
18241
6586
6587
13068
6589
6590
12898
6592
6593
10522
6595
6596
12787
6598
6599
10975
6601
6602
13839
6604
6605
14009
6607
6608
16321
6610
6611
10824
6613
6614
18195
6616
6617
13165
6619
6620
15020
6622
6623
10804
6625
6626
12508
6628
6629
10642
6631
6632
19244
6634
6635
10870
6637
6638
15685
6640
6641
11407
6643
6644
15355
6646
6647
17806
6649
6650
16095
6652
6653
18794
6655
6656
13943
6658
6659
17660
6661
6662
17245
6664
6665
18611
6667
6668
10488
6670
6671
16690
6673
6674
15679
6676
6677
11650
6679
6680
10491
6682
6683
14724
6685
6686
10444
6688
6689
11812
6691
6692
12865
6694
6695
10502
6697
6698
16474
6700
6701
11406
6703
6704
13749
6706
6707
13671
6709
6710
12034
6712
6713
17169
6715
6716
10477
6718
6719
12443
6721
6722
14521
6724
6725
18896
6727
6728
17744
6730
6731
17924
6733
6734
11472
6736
6737
10410
6739
6740
14777
6742
6743
10935
6745
6746
13511
6748
6749
10184
6751
6752
10195
6754
6755
10046
6757
6758
11817
6760
6761
11951
6763
6764
14940
6766
6767
18637
6769
6770
19235
6772
6773
17220
6775
6776
16630
6778
6779
15366
6781
6782
19388
6784
6785
19195
6787
6788
12611
6790
6791
19449
6793
6794
17179
6796
6797
18436
6799
6800
11747
6802
6803
19776
6805
6806
10446
6808
6809
19568
6811
6812
15640
6814
6815
19927
6817
6818
14782
6820
6821
10416
6823
6824
15782
6826
6827
10914
6829
6830
17267
6832
6833
18793
6835
6836
12862
6838
6839
15076
6841
6842
12927
6844
6845
10282
6847
6848
16026
6850
6851
18569
6853
6854
14466
6856
6857
10767
6859
6860
10736
6862
6863
14627
6865
6866
10826
6868
6869
15706
6871
6872
18015
6874
6875
14312
6877
6878
13797
6880
6881
10042
6883
6884
16706
6886
6887
18242
6889
6890
14663
6892
6893
17081
6895
6896
13970
6898
6899
18444
6901
6902
14808
6904
6905
15656
6907
6908
11718
6910
6911
11602
6913
6914
19540
6916
6917
12521
6919
6920
19876
6922
6923
14736
6925
6926
16315
6928
6929
15807
6931
6932
17941
6934
6935
18456
6937
6938
15353
6940
6941
13859
6943
6944
15032
6946
6947
17319
6949
6950
15072
6952
6953
11497
6955
6956
11348
6958
6959
18687
6961
6962
18903
6964
6965
17570
6967
6968
16894
6970
6971
17575
6973
6974
17560
6976
6977
13359
6979
6980
18025
6982
6983
13454
6985
6986
11416
6988
6989
12948
6991
6992
14761
6994
6995
15314
6997
6998
16468
7000
7001
18803
7003
7004
13645
7006
7007
14080
7009
7010
15929
7012
7013
12911
7015
7016
12973
7018
7019
19748
7021
7022
17672
7024
7025
15492
7027
7028
16467
7030
7031
12314
7033
7034
11613
7036
7037
18631
7039
7040
14900
7042
7043
15171
7045
7046
15379
7048
7049
16415
7051
7052
13945
7054
7055
14966
7057
7058
17872
7060
7061
17020
7063
7064
12968
7066
7067
14345
7069
7070
14334
7072
7073
14274
7075
7076
12773
7078
7079
13989
7081
7082
10481
7084
7085
15126
7087
7088
17267
7090
7091
13456
7093
7094
13461
7096
7097
10549
7099
7100
12198
7102
7103
11279
7105
7106
15731
7108
7109
11657
7111
7112
18890
7114
7115
13374
7117
7118
10627
7120
7121
14422
7123
7124
12450
7126
7127
11095
7129
7130
17267
7132
7133
10466
7135
7136
18986
7138
7139
18589
7141
7142
11308
7144
7145
19137
7147
7148
13213
7150
7151
13006
7153
7154
14739
7156
7157
10940
7159
7160
18439
7162
7163
13684
7165
7166
12581
7168
7169
15505
7171
7172
17245
7174
7175
18134
7177
7178
13788
7180
7181
11314
7183
7184
18505
7186
7187
16712
7189
7190
17405
7192
7193
11349
7195
7196
10590
7198
7199
10004
7201
7202
18817
7204
7205
17929
7207
7208
13731
7210
7211
11754
7213
7214
18547
7216
7217
12694
7219
7220
13242
7222
7223
10623
7225
7226
10257
7228
7229
10731
7231
7232
16730
7234
7235
11898
7237
7238
17982
7240
7241
13902
7243
7244
19550
7246
7247
14873
7249
7250
12028
7252
7253
13286
7255
7256
15832
7258
7259
13450
7261
7262
14172
7264
7265
18083
7267
7268
17313
7270
7271
15190
7273
7274
18275
7276
7277
14290
7279
7280
11082
7282
7283
10578
7285
7286
14693
7288
7289
14149
7291
7292
16289
7294
7295
18019
7297
7298
12113
7300
7301
17671
7303
7304
10117
7306
7307
11298
7309
7310
17523
7312
7313
19446
7315
7316
12126
7318
7319
16063
7321
7322
18526
7324
7325
19258
7327
7328
18497
7330
7331
18512
7333
7334
17925
7336
7337
10690
7339
7340
14729
7342
7343
14901
7345
7346
17715
7348
7349
13175
7351
7352
11402
7354
7355
16893
7357
7358
11522
7360
7361
19543
7363
7364
15937
7366
7367
18588
7369
7370
14310
7372
7373
11410
7375
7376
19515
7378
7379
19246
7381
7382
11459
7384
7385
12230
7387
7388
10980
7390
7391
15979
7393
7394
10105
7396
7397
13285
7399
7400
17399
7402
7403
17296
7405
7406
15945
7408
7409
16980
7411
7412
13394
7414
7415
13695
7417
7418
12703
7420
7421
19933
7423
7424
18147
7426
7427
14471
7429
7430
13674
7432
7433
13509
7435
7436
19752
7438
7439
10101
7441
7442
16965
7444
7445
11079
7447
7448
17517
7450
7451
13206
7453
7454
12274
7456
7457
18084
7459
7460
11167
7462
7463
10971
7465
7466
14973
7468
7469
18178
7471
7472
11484
7474
7475
14645
7477
7478
15196
7480
7481
17427
7483
7484
19768
7486
7487
19336
7489
7490
17684
7492
7493
14349
7495
7496
18354
7498
7499
16745
7501
7502
13750
7504
7505
15337
7507
7508
14854
7510
7511
13319
7513
7514
19104
7516
7517
15842
7519
7520
13951
7522
7523
15875
7525
7526
16168
7528
7529
14701
7531
7532
10252
7534
7535
19238
7537
7538
15043
7540
7541
16135
7543
7544
10960
7546
7547
19054
7549
7550
18497
7552
7553
17757
7555
7556
18289
7558
7559
14385
7561
7562
18002
7564
7565
18524
7567
7568
11646
7570
7571
12670
7573
7574
15411
7576
7577
15970
7579
7580
13803
7582
7583
16425
7585
7586
16172
7588
7589
15331
7591
7592
10037
7594
7595
13177
7597
7598
15464
7600
7601
11754
7603
7604
15406
7606
7607
19082
7609
7610
15481
7612
7613
18876
7615
7616
13103
7618
7619
16423
7621
7622
11549
7624
7625
10560
7627
7628
17006
7630
7631
16635
7633
7634
17331
7636
7637
16413
7639
7640
11586
7642
7643
16181
7645
7646
13226
7648
7649
14206
7651
7652
17195
7654
7655
12969
7657
7658
16858
7660
7661
10044
7663
7664
15001
7666
7667
15239
7669
7670
15568
7672
7673
10459
7675
7676
16651
7678
7679
17366
7681
7682
15750
7684
7685
15476
7687
7688
19305
7690
7691
15538
7693
7694
14786
7696
7697
15562
7699
7700
14146
7702
7703
15817
7705
7706
18717
7708
7709
10737
7711
7712
18208
7714
7715
13282
7717
7718
14747
7720
7721
17183
7723
7724
18721
7726
7727
18671
7729
7730
15179
7732
7733
13778
7735
7736
15255
7738
7739
12981
7741
7742
16897
7744
7745
13682
7747
7748
14017
7750
7751
11312
7753
7754
14723
7756
7757
16031
7759
7760
18936
7762
7763
10099
7765
7766
13299
7768
7769
15493
7771
7772
19203
7774
7775
12457
7777
7778
14688
7780
7781
16886
7783
7784
18781
7786
7787
17026
7789
7790
13955
7792
7793
13861
7795
7796
16523
7798
7799
17471
7801
7802
18061
7804
7805
19759
7807
7808
16009
7810
7811
10572
7813
7814
19088
7816
7817
17224
7819
7820
17512
7822
7823
17996
7825
7826
15994
7828
7829
12915
7831
7832
10712
7834
7835
12860
7837
7838
15375
7840
7841
14334
7843
7844
15344
7846
7847
18776
7849
7850
15195
7852
7853
11957
7855
7856
12344
7858
7859
18980
7861
7862
11687
7864
7865
11663
7867
7868
10751
7870
7871
19067
7873
7874
19428
7876
7877
14897
7879
7880
16545
7882
7883
14942
7885
7886
16603
7888
7889
13848
7891
7892
18386
7894
7895
19627
7897
7898
16346
7900
7901
12685
7903
7904
13279
7906
7907
11294
7909
7910
17609
7912
7913
16833
7915
7916
19531
7918
7919
10494
7921
7922
19966
7924
7925
15647
7927
7928
14982
7930
7931
13621
7933
7934
16553
7936
7937
14814
7939
7940
17195
7942
7943
18057
7945
7946
16713
7948
7949
18168
7951
7952
19059
7954
7955
13067
7957
7958
17081
7960
7961
15368
7963
7964
12591
7966
7967
16639
7969
7970
16728
7972
7973
19209
7975
7976
10482
7978
7979
10610
7981
7982
12352
7984
7985
13068
7987
7988
11365
7990
7991
15194
7993
7994
17042
7996
7997
17367
7999
8000
18331
8002
8003
12048
8005
8006
16040
8008
8009
16869
8011
8012
13562
8014
8015
18186
8017
8018
17427
8020
8021
12711
8023
8024
12733
8026
8027
17600
8029
8030
18116
8032
8033
14920
8035
8036
11156
8038
8039
13135
8041
8042
10639
8044
8045
12948
8047
8048
16785
8050
8051
11037
8053
8054
16083
8056
8057
10397
8059
8060
19193
8062
8063
12803
8065
8066
15508
8068
8069
13869
8071
8072
10996
8074
8075
18214
8077
8078
16118
8080
8081
11278
8083
8084
12200
8086
8087
16108
8089
8090
15397
8092
8093
13148
8095
8096
12583
8098
8099
11256
8101
8102
10126
8104
8105
15583
8107
8108
19764
8110
8111
10394
8113
8114
19511
8116
8117
16589
8119
8120
12007
8122
8123
19962
8125
8126
19223
8128
8129
14108
8131
8132
16403
8134
8135
18405
8137
8138
15860
8140
8141
16884
8143
8144
17121
8146
8147
19820
8149
8150
15263
8152
8153
18333
8155
8156
18937
8158
8159
17511
8161
8162
16404
8164
8165
15861
8167
8168
11846
8170
8171
19108
8173
8174
15796
8176
8177
10938
8179
8180
12656
8182
8183
16709
8185
8186
11212
8188
8189
10291
8191
8192
12988
8194
8195
14633
8197
8198
15785
8200
8201
10808
8203
8204
16553
8206
8207
15963
8209
8210
12121
8212
8213
14800
8215
8216
16777
8218
8219
10117
8221
8222
19531
8224
8225
16931
8227
8228
15346
8230
8231
19357
8233
8234
12211
8236
8237
14996
8239
8240
18214
8242
8243
10187
8245
8246
10863
8248
8249
19366
8251
8252
19787
8254
8255
10975
8257
8258
15574
8260
8261
16558
8263
8264
12777
8266
8267
10688
8269
8270
16832
8272
8273
11905
8275
8276
11439
8278
8279
11429
8281
8282
19341
8284
8285
19135
8287
8288
16753
8290
8291
16115
8293
8294
19690
8296
8297
14585
8299
8300
17951
8302
8303
12017
8305
8306
18663
8308
8309
19577
8311
8312
15759
8314
8315
12846
8317
8318
11163
8320
8321
17472
8323
8324
16824
8326
8327
14900
8329
8330
15895
8332
8333
18189
8335
8336
10218
8338
8339
19389
8341
8342
19111
8344
8345
13335
8347
8348
15201
8350
8351
12032
8353
8354
15630
8356
8357
18385
8359
8360
17208
8362
8363
14837
8365
8366
15939
8368
8369
16958
8371
8372
12863
8374
8375
18617
8377
8378
19439
8380
8381
15461
8383
8384
17710
8386
8387
11591
8389
8390
18981
8392
8393
18867
8395
8396
16779
8398
8399
19582
8401
8402
14493
8404
8405
18286
8407
8408
12864
8410
8411
15218
8413
8414
18524
8416
8417
11015
8419
8420
14124
8422
8423
19420
8425
8426
15736
8428
8429
18635
8431
8432
16374
8434
8435
12971
8437
8438
17338
8440
8441
11029
8443
8444
12456
8446
8447
14840
8449
8450
13873
8452
8453
11592
8455
8456
16358
8458
8459
17486
8461
8462
19032
8464
8465
10060
8467
8468
11028
8470
8471
15101
8473
8474
14330
8476
8477
18716
8479
8480
10867
8482
8483
17479
8485
8486
13858
8488
8489
14289
8491
8492
12719
8494
8495
10592
8497
8498
19916
8500
8501
17107
8503
8504
12434
8506
8507
13783
8509
8510
18359
8512
8513
18764
8515
8516
19653
8518
8519
12355
8521
8522
19691
8524
8525
14104
8527
8528
15070
8530
8531
16047
8533
8534
12602
8536
8537
19099
8539
8540
17497
8542
8543
10696
8545
8546
11331
8548
8549
18861
8551
8552
17469
8554
8555
11390
8557
8558
14208
8560
8561
13131
8563
8564
11513
8566
8567
13292
8569
8570
19100
8572
8573
11446
8575
8576
16675
8578
8579
10059
8581
8582
16225
8584
8585
14552
8587
8588
10613
8590
8591
14689
8593
8594
14206
8596
8597
17201
8599
8600
17144
8602
8603
11809
8605
8606
12489
8608
8609
10861
8611
8612
13014
8614
8615
14352
8617
8618
18836
8620
8621
12853
8623
8624
14699
8626
8627
16397
8629
8630
10883
8632
8633
17582
8635
8636
13019
8638
8639
19205
8641
8642
13913
8644
8645
18233
8647
8648
10995
8650
8651
19848
8653
8654
14767
8656
8657
10506
8659
8660
14129
8662
8663
13063
8665
8666
11633
8668
8669
18823
8671
8672
19335
8674
8675
16162
8677
8678
17938
8680
8681
14454
8683
8684
14312
8686
8687
12146
8689
8690
11258
8692
8693
19580
8695
8696
15867
8698
8699
17095
8701
8702
19035
8704
8705
19405
8707
8708
12046
8710
8711
13725
8713
8714
15094
8716
8717
16538
8719
8720
18119
8722
8723
13669
8725
8726
19822
8728
8729
15756
8731
8732
10027
8734
8735
12536
8737
8738
19980
8740
8741
19887
8743
8744
12270
8746
8747
10403
8749
8750
10187
8752
8753
15624
8755
8756
19171
8758
8759
13146
8761
8762
19675
8764
8765
14131
8767
8768
12767
8770
8771
17734
8773
8774
15070
8776
8777
12239
8779
8780
12897
8782
8783
18329
8785
8786
16282
8788
8789
17166
8791
8792
18608
8794
8795
14031
8797
8798
14627
8800
8801
10100
8803
8804
17300
8806
8807
15227
8809
8810
19461
8812
8813
16881
8815
8816
15773
8818
8819
15686
8821
8822
12383
8824
8825
13974
8827
8828
12775
8830
8831
16303
8833
8834
18794
8836
8837
14732
8839
8840
13608
8842
8843
12893
8845
8846
18108
8848
8849
11147
8851
8852
10787
8854
8855
14791
8857
8858
12753
8860
8861
16686
8863
8864
13435
8866
8867
15849
8869
8870
17522
8872
8873
17875
8875
8876
17117
8878
8879
18071
8881
8882
11221
8884
8885
11924
8887
8888
12750
8890
8891
12969
8893
8894
14891
8896
8897
11345
8899
8900
12742
8902
8903
13236
8905
8906
11742
8908
8909
12019
8911
8912
11652
8914
8915
10993
8917
8918
18146
8920
8921
10675
8923
8924
13834
8926
8927
12069
8929
8930
13257
8932
8933
10249
8935
8936
10410
8938
8939
13849
8941
8942
13929
8944
8945
16777
8947
8948
10789
8950
8951
15456
8953
8954
18147
8956
8957
10060
8959
8960
13689
8962
8963
13989
8965
8966
18210
8968
8969
17857
8971
8972
16264
8974
8975
17502
8977
8978
16562
8980
8981
12084
8983
8984
16821
8986
8987
12006
8989
8990
11827
8992
8993
11686
8995
8996
19368
8998
8999
13780
9001
9002
18011
9004
9005
13662
9007
9008
12721
9010
9011
11780
9013
9014
11246
9016
9017
19849
9019
9020
16105
9022
9023
15389
9025
9026
10926
9028
9029
10051
9031
9032
10681
9034
9035
17097
9037
9038
12550
9040
9041
13329
9043
9044
10054
9046
9047
17662
9049
9050
17183
9052
9053
19474
9055
9056
11436
9058
9059
18939
9061
9062
12552
9064
9065
14112
9067
9068
12484
9070
9071
10326
9073
9074
12375
9076
9077
17532
9079
9080
10576
9082
9083
12970
9085
9086
18744
9088
9089
10795
9091
9092
19659
9094
9095
19329
9097
9098
18037
9100
9101
19001
9103
9104
19339
9106
9107
15447
9109
9110
14369
9112
9113
12139
9115
9116
13032
9118
9119
18368
9121
9122
16967
9124
9125
16186
9127
9128
17110
9130
9131
11129
9133
9134
18492
9136
9137
17108
9139
9140
13548
9142
9143
16075
9145
9146
14894
9148
9149
18351
9151
9152
11520
9154
9155
10873
9157
9158
19221
9160
9161
10146
9163
9164
10711
9166
9167
16089
9169
9170
16888
9172
9173
18267
9175
9176
16079
9178
9179
10565
9181
9182
19478
9184
9185
16109
9187
9188
16282
9190
9191
14504
9193
9194
15195
9196
9197
16202
9199
9200
15201
9202
9203
12801
9205
9206
12032
9208
9209
13488
9211
9212
12239
9214
9215
14094
9217
9218
16282
9220
9221
17852
9223
9224
15267
9226
9227
18366
9229
9230
16253
9232
9233
18392
9235
9236
14272
9238
9239
15338
9241
9242
17519
9244
9245
16349
9247
9248
10434
9250
9251
19041
9253
9254
16317
9256
9257
18717
9259
9260
10213
9262
9263
17040
9265
9266
11909
9268
9269
12195
9271
9272
12775
9274
9275
14859
9277
9278
12814
9280
9281
11842
9283
9284
13935
9286
9287
18405
9289
9290
15029
9292
9293
11843
9295
9296
19585
9298
9299
18991
9301
9302
16790
9304
9305
16947
9307
9308
15139
9310
9311
12298
9313
9314
13692
9316
9317
10557
9319
9320
11052
9322
9323
10462
9325
9326
15535
9328
9329
10109
9331
9332
11626
9334
9335
19458
9337
9338
16367
9340
9341
18672
9343
9344
18376
9346
9347
12272
9349
9350
19028
9352
9353
18189
9355
9356
19251
9358
9359
13512
9361
9362
14015
9364
9365
16822
9367
9368
13734
9370
9371
12680
9373
9374
15748
9376
9377
19985
9379
9380
13047
9382
9383
15597
9385
9386
10799
9388
9389
13797
9391
9392
15912
9394
9395
11412
9397
9398
11305
9400
9401
17875
9403
9404
14260
9406
9407
15320
9409
9410
17286
9412
9413
10418
9415
9416
13298
9418
9419
19670
9421
9422
13367
9424
9425
12506
9427
9428
10706
9430
9431
18029
9433
9434
10203
9436
9437
12329
9439
9440
17650
9442
9443
12410
9445
9446
19175
9448
9449
18302
9451
9452
15618
9454
9455
19405
9457
9458
15506
9460
9461
17860
9463
9464
17425
9466
9467
15712
9469
9470
12323
9472
9473
16255
9475
9476
11930
9478
9479
19482
9481
9482
10775
9484
9485
19794
9487
9488
11470
9490
9491
19627
9493
9494
14116
9496
9497
17780
9499
9500
13104
9502
9503
13908
9505
9506
11787
9508
9509
18981
9511
9512
14194
9514
9515
12990
9517
9518
10330
9520
9521
17436
9523
9524
10893
9526
9527
13495
9529
9530
18929
9532
9533
12291
9535
9536
18669
9538
9539
14804
9541
9542
12153
9544
9545
11686
9547
9548
10417
9550
9551
14792
9553
9554
14734
9556
9557
13868
9559
9560
18968
9562
9563
12010
9565
9566
19355
9568
9569
16178
9571
9572
19832
9574
9575
19514
9577
9578
17156
9580
9581
19461
9583
9584
16810
9586
9587
17086
9589
9590
11415
9592
9593
18789
9595
9596
18263
9598
9599
13231
9601
9602
10788
9604
9605
11097
9607
9608
19980
9610
9611
13634
9613
9614
15724
9616
9617
11772
9619
9620
11774
9622
9623
15731
9625
9626
13327
9628
9629
10841
9631
9632
18367
9634
9635
12292
9637
9638
11780
9640
9641
10755
9643
9644
11058
9646
9647
19947
9649
9650
15998
9652
9653
18438
9655
9656
10570
9658
9659
19608
9661
9662
15291
9664
9665
13265
9667
9668
19893
9670
9671
11055
9673
9674
12946
9676
9677
15744
9679
9680
17322
9682
9683
13924
9685
9686
18002
9688
9689
18868
9691
9692
19722
9694
9695
12703
9697
9698
11279
9700
9701
16342
9703
9704
17957
9706
9707
15519
9709
9710
12496
9712
9713
14556
9715
9716
12286
9718
9719
12179
9721
9722
18961
9724
9725
15996
9727
9728
10530
9730
9731
17053
9733
9734
11165
9736
9737
18708
9739
9740
11946
9742
9743
15965
9745
9746
15312
9748
9749
19676
9751
9752
18874
9754
9755
11162
9757
9758
19260
9760
9761
19601
9763
9764
18521
9766
9767
11561
9769
9770
19882
9772
9773
14394
9775
9776
19007
9778
9779
13272
9781
9782
13560
9784
9785
15695
9787
9788
10497
9790
9791
19000
9793
9794
14286
9796
9797
13857
9799
9800
12505
9802
9803
11719
9805
9806
10517
9808
9809
13749
9811
9812
18999
9814
9815
18553
9817
9818
11975
9820
9821
15564
9823
9824
14638
9826
9827
12949
9829
9830
19402
9832
9833
11023
9835
9836
19943
9838
9839
13288
9841
9842
15797
9844
9845
19364
9847
9848
17909
9850
9851
19730
9853
9854
12718
9856
9857
12811
9859
9860
17629
9862
9863
15400
9865
9866
19076
9868
9869
16864
9871
9872
16242
9874
9875
17217
9877
9878
11354
9880
9881
12251
9883
9884
14214
9886
9887
11165
9889
9890
10474
9892
9893
13958
9895
9896
10289
9898
9899
15942
9901
9902
14685
9904
9905
15942
9907
9908
12376
9910
9911
17514
9913
9914
12276
9916
9917
10330
9919
9920
10832
9922
9923
18062
9925
9926
13265
9928
9929
13809
9931
9932
12248
9934
9935
14031
9937
9938
13244
9940
9941
13787
9943
9944
13414
9946
9947
14215
9949
9950
14704
9952
9953
19082
9955
9956
13285
9958
9959
18977
9961
9962
12739
9964
9965
17089
9967
9968
18824
9970
9971
18922
9973
9974
18498
9976
9977
19378
9979
9980
18577
9982
9983
16867
9985
9986
11479
9988
9989
17316
9991
9992
14076
9994
9995
15243
9997
9998
16956
10000
