206
224
242
398
151
332
86
220
57
353
369
330
294
269
316
305
232
344
43
362
265
214
205
299
282
319
234
275
258
340
239
393
251
347
360
207
309
345
368
297
213
71
204
368
88
112
377
282
338
195
278
281
110
371
220
282
269
322
356
226
303
298
294
324
280
84
34
249
309
381
259
346
374
228
311
336
350
331
365
389
322
343
240
202
265
300
297
91
25
399
241
37
398
291
224
348
366
399
369
248
159
276
371
200
312
361
169
194
30
61
362
267
172
331
311
275
205
338
279
274
65
251
351
144
50
134
14
69
307
317
200
232
209
135
374
120
318
394
193
377
204
362
239
311
333
242
375
158
210
275
234
274
64
339
299
277
203
54
254
399
331
329
77
308
225
323
206
312
353
343
274
147
22
306
243
167
223
297
45
381
275
272
18
392
322
189
323
224
349
218
146
240
35
390
298
354
247
256
131
218
271
288
75
355
287
390
93
328
211
388
253
341
275
73
291
295
376
320
253
323
300
253
342
374
234
220
95
231
335
378
255
220
368
260
376
211
307
276
374
333
250
362
256
33
353
328
377
251
368
375
244
269
176
343
233
278
356
359
295
284
300
355
349
351
346
331
356
309
392
281
376
368
343
79
289
379
383
291
352
240
249
301
338
268
287
228
252
335
392
383
288
346
308
13
384
374
5
241
320
397
374
343
185
32
258
392
240
181
323
363
338
202
359
267
343
180
350
200
217
74
233
247
219
97
145
129
132
340
52
239
257
365
265
395
251
326
279
391
205
321
108
337
259
365
28
81
117
272
205
104
260
103
352
345
301
336
323
87
273
161
328
358
121
223
31
235
101
285
286
281
263
218
248
325
215
247
239
281
216
210
381
327
386
209
11
343
353
221
325
377
67
396
341
274
220
393
113
354
352
21
278
370
266
236
200
354
277
245
232
246
261
229
340
379
361
394
127
174
219
371
78
221
177
316
242
313
68
395
237
206
204
232
256
29
317
308
237
393
380
284
389
228
268
219
358
233
222
353
15
258
252
242
255
261
261
331
357
358
297
382
278
279
346
243
371
372
384
327
150
250
334
215
347
256
215
293
253
154
311
229
400
389
157
10
293
373
266
316
334
278
375
164
387
203
152
304
291
72
183
338
142
355
303
212
307
308
238
59
232
253
186
333
224
342
373
268
305
58
270
381
251
53
399
263
210
346
217
260
126
386
211
346
257
235
231
309
331
239
1
221
192
227
298
265
162
301
313
309
224
297
239
217
263
312
136
308
234
254
287
298
219
379
332
327
358
298
227
314
347
255
303
333
284
173
391
245
63
118
220
261
253
240
227
305
330
282
352
236
320
286
394
244
287
96
241
360
295
370
211
390
372
264
304
214
259
38
280
374
319
259
246
250
204
272
286
316
276
94
277
230
160
201
218
215
7
220
351
352
314
244
282
182
376
243
275
322
208
367
287
170
254
383
235
98
392
380
325
242
295
282
362
213
331
250
17
386
221
369
62
229
324
276
260
282
119
139
222
224
305
201
282
240
220
312
312
213
334
212
376
332
379
335
262
301
396
279
327
286
156
42
228
218
331
315
240
202
217
358
290
284
36
49
171
138
250
166
301
314
367
322
56
266
278
390
322
355
273
257
272
279
372
251
269
399
149
313
280
100
312
223
268
283
378
375
326
82
273
383
168
290
375
211
106
249
373
230
47
320
334
233
248
387
353
390
369
333
269
140
178
209
352
163
318
323
237
335
202
341
222
293
51
223
366
60
225
331
316
255
306
102
202
8
262
346
313
115
364
374
223
12
211
382
16
187
338
105
188
337
155
269
209
332
234
393
291
290
311
243
330
207
318
248
244
248
83
295
218
380
311
76
370
218
125
334
271
123
279
341
328
359
374
228
393
271
255
217
366
85
148
80
359
203
223
221
114
143
276
235
332
216
382
301
213
309
311
265
309
372
24
141
359
255
165
46
292
269
128
41
39
296
388
190
352
325
245
107
370
314
343
339
231
336
365
337
388
287
359
175
208
9
210
254
235
225
398
308
317
263
387
199
267
369
300
124
202
380
130
338
336
335
92
198
238
287
248
275
197
367
248
339
293
20
226
89
40
339
286
336
116
111
333
55
99
2
133
388
205
3
27
352
253
293
301
230
179
23
350
268
202
287
344
271
271
231
204
191
271
276
319
351
48
228
302
184
196
381
306
245
26
291
19
230
287
6
307
122
265
44
321
399
137
322
4
153
90
216
273
331
0
66
315
289
109
366
255
291
368
301
264
70
